1,152.73,11.938,8,8,0,2,6,0,2
2,109.41,11.938,8,8,0,2,6,0,2
3,125.09,11.938,8,8,0,2,6,0,1
4,122.91,11.938,8,8,0,2,6,0,2
5,91.594,11.938,8,8,0,2,6,0,2
6,92.675,11.938,8,8,0,2,6,0,2
7,193.8,12.483,8,8,0,0,8,0,2
8,108.03,8.7122,10,10,0,8,2,0,4
9,83.618,11.938,8,8,0,2,6,0,2
10,146.96,8.9993,10,10,0,6,4,0,4
11,66.823,11.938,8,8,0,2,6,0,1
12,129.78,11.938,8,8,0,2,6,0,2
13,71.291,11.938,8,8,0,2,6,0,2
14,65.761,11.938,8,8,0,2,6,0,1
15,88.165,11.938,8,8,0,2,6,0,2
16,150.01,11.938,8,8,0,2,6,0,2
17,130.66,5.1663e-07,10,8,1,2,7,0,3
18,201.74,8.9993,10,10,0,6,4,0,3
19,61.802,12.483,8,8,0,0,8,0,2
20,83.243,12.483,8,8,0,0,8,0,2
21,109.97,11.938,8,8,0,2,6,0,2
22,77.719,8.7122,10,10,0,8,2,0,4
23,173.1,11.938,8,8,0,2,6,0,1
24,71.869,11.938,8,8,0,2,6,0,2
25,42.555,11.938,8,8,0,2,6,0,1
26,121.16,11.938,8,8,0,2,6,0,1
27,113.06,11.938,8,8,0,2,6,0,1
28,116.01,11.938,8,8,0,2,6,0,1
29,80.789,11.938,8,8,0,2,6,0,1
30,203.61,5.1663e-07,10,8,1,2,7,0,4
31,81.379,11.938,8,8,0,2,6,0,2
32,180.5,5.1663e-07,10,8,1,2,7,0,3
33,82.434,12.483,8,8,0,0,8,0,2
34,115.06,11.938,8,8,0,2,6,0,1
35,145.25,11.938,8,8,0,2,6,0,1
36,48.081,12.483,8,8,0,0,8,0,2
37,67.679,11.938,8,8,0,2,6,0,2
38,55.356,5.1663e-07,10,8,1,2,7,0,3
39,126.52,9.306,10,10,0,4,6,0,3
40,200.59,2.5832e-07,10,6,2,0,8,0,3
41,92.419,12.483,8,8,0,0,8,0,2
42,145.92,8.9993,10,10,0,6,4,0,3
43,117.25,11.938,8,8,0,2,6,0,1
44,141.53,12.483,8,8,0,0,8,0,2
45,107.78,8.9993,10,10,0,6,4,0,4
46,79.602,5.1663e-07,10,8,1,4,5,0,4
47,151.97,5.1663e-07,10,8,1,0,9,0,2
48,117.54,5.1663e-07,10,8,1,4,5,0,4
49,111.73,9.1501,10,10,0,4,5,1,3
50,71.099,11.938,8,8,0,2,6,0,1
51,45.742,11.938,8,8,0,2,6,0,1
52,49.957,8.9993,10,10,0,6,4,0,4
53,118.23,11.938,8,8,0,2,6,0,2
54,62.159,11.938,8,8,0,2,6,0,1
55,89.683,11.938,8,8,0,2,6,0,1
56,45.062,11.938,8,8,0,2,6,0,1
57,168.59,9.4673,10,10,0,2,7,1,3
58,96.708,5.1663e-07,10,8,1,2,7,0,4
59,121.52,12.483,8,8,0,0,8,0,2
60,130.23,12.483,8,8,0,0,8,0,2
61,190.13,12.483,8,8,0,0,8,0,2
62,96.255,5.1663e-07,10,8,1,2,7,0,3
63,133.69,11.938,8,8,0,2,6,0,2
64,169.24,8.9993,10,10,0,6,4,0,3
65,145.69,11.938,8,8,0,2,6,0,1
66,210.85,5.1663e-07,10,8,1,2,7,0,3
67,44.513,11.938,8,8,0,2,6,0,1
68,63.912,5.1663e-07,10,8,1,2,7,0,4
69,139.78,5.1663e-07,10,8,1,4,5,0,4
70,140.04,11.938,8,8,0,2,6,0,1
71,100.96,11.938,8,8,0,2,6,0,1
72,66.681,11.938,8,8,0,2,6,0,2
73,115.4,11.938,8,8,0,2,6,0,1
74,122.85,9.6343,10,10,0,2,8,0,3
75,90.2,11.938,8,8,0,2,6,0,2
76,108.39,5.1663e-07,10,8,1,4,5,0,3
77,140.7,11.938,8,8,0,2,6,0,2
78,69.547,5.1663e-07,10,8,1,0,9,0,3
79,192.53,11.938,8,8,0,2,6,0,2
80,146.58,5.1663e-07,10,8,1,2,7,0,4
81,167.48,9.6343,10,10,0,2,8,0,3
82,107.24,11.938,8,8,0,2,6,0,1
83,154.01,12.483,8,8,0,0,8,0,2
84,226.64,11.938,8,8,0,2,6,0,1
85,103.12,11.938,8,8,0,2,6,0,1
86,75.793,5.1663e-07,10,8,1,2,7,0,4
87,184.24,5.1663e-07,10,8,1,4,5,0,4
88,76.358,11.938,8,8,0,2,6,0,2
89,154.79,11.938,8,8,0,2,6,0,1
90,65.685,11.938,8,8,0,2,6,0,2
91,66.919,11.938,8,8,0,2,6,0,2
92,179.77,12.483,8,8,0,0,8,0,2
93,93.641,11.938,8,8,0,2,6,0,1
94,100.07,5.1663e-07,10,8,1,2,7,0,4
95,139.55,9.6343,10,10,0,2,8,0,2
96,215.98,11.938,8,8,0,2,6,0,1
97,91.345,12.483,8,8,0,0,8,0,2
98,113.15,12.483,8,8,0,0,8,0,2
99,85.996,12.483,8,8,0,0,8,0,2
100,148.83,11.938,8,8,0,2,6,0,1
101,63.347,11.938,8,8,0,2,6,0,1
102,107.47,5.1663e-07,10,8,1,2,7,0,4
103,113.08,11.938,8,8,0,2,6,0,2
104,110.75,11.938,8,8,0,2,6,0,1
105,145.47,12.483,8,8,0,0,8,0,2
106,86.731,12.483,8,8,0,0,8,0,2
107,109.43,11.938,8,8,0,2,6,0,1
108,91.418,11.938,8,8,0,2,6,0,2
109,168.61,11.938,8,8,0,2,6,0,1
110,75.56,12.483,8,8,0,0,8,0,2
111,184.6,5.1663e-07,10,8,1,2,7,0,4
112,223.24,5.1663e-07,10,8,1,2,7,0,4
113,81.539,12.483,8,8,0,0,8,0,2
114,156.88,11.938,8,8,0,2,6,0,1
115,143.9,11.938,8,8,0,2,6,0,1
116,129.27,11.938,8,8,0,2,6,0,1
117,50.81,11.938,8,8,0,2,6,0,2
118,108.36,11.938,8,8,0,2,6,0,1
119,113.7,8.7122,10,10,0,8,2,0,4
120,76.053,5.1663e-07,10,8,1,2,7,0,3
121,101.01,11.938,8,8,0,2,6,0,2
122,126.13,9.6343,10,10,0,2,8,0,3
123,132.98,12.483,8,8,0,0,8,0,2
124,57.805,12.483,8,8,0,0,8,0,2
125,70.412,9.4673,10,10,0,2,7,1,3
126,129.2,9.306,10,10,0,4,6,0,3
127,110.25,9.306,10,10,0,4,6,0,3
128,189.56,11.938,8,8,0,2,6,0,2
129,130.34,9.306,10,10,0,4,6,0,3
130,139.41,5.1663e-07,10,8,1,4,5,0,4
131,65.033,11.938,8,8,0,2,6,0,1
132,204.84,11.938,8,8,0,2,6,0,1
133,74.768,5.1663e-07,10,8,1,4,5,0,4
134,71.358,12.483,8,8,0,0,8,0,2
135,137.57,12.483,8,8,0,0,8,0,2
136,132.67,9.306,10,10,0,4,6,0,3
137,129.41,5.1663e-07,10,8,1,4,5,0,4
138,35.887,11.938,8,8,0,2,6,0,2
139,49.954,9.306,10,10,0,4,6,0,2
140,215.94,11.938,8,8,0,2,6,0,2
141,155.99,11.938,8,8,0,2,6,0,2
142,157.78,11.938,8,8,0,2,6,0,2
143,64.183,11.938,8,8,0,2,6,0,1
144,99.011,12.483,8,8,0,0,8,0,2
145,343.09,8.9993,10,10,0,6,4,0,3
146,126.3,8.7122,10,10,0,8,2,0,4
147,102.82,11.938,8,8,0,2,6,0,2
148,116.07,9.306,10,10,0,4,6,0,3
149,123.27,8.9993,10,10,0,6,4,0,4
150,116.05,12.483,8,8,0,0,8,0,2
151,109.38,11.938,8,8,0,2,6,0,2
152,72.894,11.938,8,8,0,2,6,0,1
153,132.84,11.938,8,8,0,2,6,0,2
154,118.62,11.938,8,8,0,2,6,0,1
155,97.057,5.1663e-07,10,8,1,2,7,0,3
156,167.06,12.483,8,8,0,0,8,0,2
157,222.87,11.938,8,8,0,2,6,0,1
158,265.75,5.1663e-07,10,8,1,4,5,0,3
159,92.997,12.483,8,8,0,0,8,0,2
160,127.1,9.306,10,10,0,4,6,0,3
161,65.608,11.938,8,8,0,2,6,0,2
162,82,11.938,8,8,0,2,6,0,2
163,137.97,11.938,8,8,0,2,6,0,2
164,75.689,11.938,8,8,0,2,6,0,2
165,211.96,5.1663e-07,10,8,1,2,7,0,3
166,157.89,11.938,8,8,0,2,6,0,2
167,100.44,8.9993,10,10,0,6,4,0,4
168,74.611,11.938,8,8,0,2,6,0,1
169,85.198,5.1663e-07,10,8,1,2,7,0,4
170,112.08,11.938,8,8,0,2,6,0,2
171,80.383,12.483,8,8,0,0,8,0,2
172,149.3,5.1663e-07,10,8,1,4,5,0,4
173,67.461,5.1663e-07,10,8,1,4,5,0,4
174,112.55,12.483,8,8,0,0,8,0,2
175,275.61,5.1663e-07,10,8,1,2,7,0,3
176,214.39,11.938,8,8,0,2,6,0,1
177,52.564,5.1663e-07,10,8,1,2,7,0,3
178,83.623,9.306,10,10,0,4,6,0,3
179,262,5.1663e-07,10,8,1,0,9,0,3
180,144.13,11.938,8,8,0,2,6,0,2
181,164.12,12.483,8,8,0,0,8,0,2
182,92.713,12.483,8,8,0,0,8,0,2
183,145.02,12.483,8,8,0,0,8,0,2
184,145.03,9.6343,10,10,0,2,8,0,2
185,91.246,11.938,8,8,0,2,6,0,1
186,112.72,12.483,8,8,0,0,8,0,2
187,177.74,5.1663e-07,10,8,1,4,5,0,4
188,86.977,11.938,8,8,0,2,6,0,1
189,92.122,9.306,10,10,0,4,6,0,3
190,149.5,8.9993,10,10,0,6,4,0,3
191,154.88,5.1663e-07,10,8,1,4,5,0,5
192,282.72,8.9993,10,10,0,6,4,0,4
193,139.09,5.1663e-07,10,8,1,4,5,0,4
194,182.64,11.938,8,8,0,2,6,0,1
195,106.45,11.938,8,8,0,2,6,0,1
196,76.176,12.483,8,8,0,0,8,0,2
197,182.02,11.938,8,8,0,2,6,0,1
198,121.54,5.1663e-07,10,8,1,2,7,0,3
199,65.391,11.938,8,8,0,2,6,0,1
200,79.41,11.938,8,8,0,2,6,0,1
201,107.04,9.6343,10,10,0,2,8,0,2
202,164.78,11.938,8,8,0,2,6,0,2
203,180.42,11.938,8,8,0,2,6,0,1
204,116.16,12.483,8,8,0,0,8,0,2
205,140.19,11.938,8,8,0,2,6,0,2
206,76.39,11.938,8,8,0,2,6,0,1
207,222.96,9.306,10,10,0,4,6,0,3
208,96.337,11.938,8,8,0,2,6,0,1
209,61.96,11.938,8,8,0,2,6,0,2
210,126.13,11.938,8,8,0,2,6,0,2
211,142.99,5.1663e-07,10,8,1,2,7,0,3
212,68.229,11.938,8,8,0,2,6,0,1
213,189.2,5.1663e-07,10,8,1,4,5,0,4
214,69.012,11.938,8,8,0,2,6,0,1
215,216.96,12.483,8,8,0,0,8,0,2
216,74.823,11.938,8,8,0,2,6,0,1
217,129.04,5.1663e-07,10,8,1,4,5,0,5
218,204.4,12.483,8,8,0,0,8,0,2
219,160.49,5.1663e-07,10,8,1,4,5,0,4
220,58.732,12.483,8,8,0,0,8,0,2
221,94.124,5.1663e-07,10,8,1,4,5,0,4
222,144.18,5.1663e-07,10,8,1,0,9,0,3
223,56.976,12.483,8,8,0,0,8,0,2
224,189.2,11.938,8,8,0,2,6,0,1
225,160.56,9.1501,10,10,0,4,5,1,3
226,223.38,12.483,8,8,0,0,8,0,2
227,140.34,11.938,8,8,0,2,6,0,2
228,216.21,11.938,8,8,0,2,6,0,1
229,219.07,9.306,10,10,0,4,6,0,3
230,135.38,11.938,8,8,0,2,6,0,2
231,79.394,9.306,10,10,0,4,6,0,4
232,162.52,11.938,8,8,0,2,6,0,1
233,123.72,12.483,8,8,0,0,8,0,2
234,98.453,12.483,8,8,0,0,8,0,2
235,139.45,11.938,8,8,0,2,6,0,2
236,82.41,12.483,8,8,0,0,8,0,2
237,177.71,11.938,8,8,0,2,6,0,2
238,104.12,5.1663e-07,10,8,1,0,9,0,2
239,212.63,11.938,8,8,0,2,6,0,2
240,78.051,11.938,8,8,0,2,6,0,2
241,111.78,12.483,8,8,0,0,8,0,2
242,174.23,11.938,8,8,0,2,6,0,2
243,123.53,12.483,8,8,0,0,8,0,2
244,181.73,8.7122,10,10,0,8,2,0,4
245,82.921,11.938,8,8,0,2,6,0,1
246,136.9,11.938,8,8,0,2,6,0,1
247,95.301,11.938,8,8,0,2,6,0,2
248,42.71,11.938,8,8,0,2,6,0,1
249,128.76,11.938,8,8,0,2,6,0,2
250,193.7,11.938,8,8,0,2,6,0,2
251,90.939,11.938,8,8,0,2,6,0,2
252,111.9,9.4673,10,10,0,2,7,1,3
253,117.77,11.938,8,8,0,2,6,0,1
254,175.54,11.938,8,8,0,2,6,0,2
255,73.917,8.9993,10,10,0,6,4,0,3
256,85.431,11.938,8,8,0,2,6,0,1
257,182.45,11.938,8,8,0,2,6,0,1
258,187.86,9.306,10,10,0,4,6,0,3
259,127.01,5.1663e-07,10,8,1,4,5,0,4
260,89.002,12.483,8,8,0,0,8,0,2
261,157.23,9.6343,10,10,0,2,8,0,3
262,176.11,12.483,8,8,0,0,8,0,2
263,73.21,11.938,8,8,0,2,6,0,2
264,125.99,11.938,8,8,0,2,6,0,1
265,153.08,11.938,8,8,0,2,6,0,1
266,266.54,11.938,8,8,0,2,6,0,2
267,70.206,11.938,8,8,0,2,6,0,2
268,76.612,12.483,8,8,0,0,8,0,2
269,82.393,9.6343,10,10,0,2,8,0,3
270,191.39,11.938,8,8,0,2,6,0,1
271,102.56,12.483,8,8,0,0,8,0,2
272,134.23,8.9993,10,10,0,6,4,0,4
273,145.64,11.938,8,8,0,2,6,0,2
274,121.78,9.306,10,10,0,4,6,0,3
275,127.45,8.9993,10,10,0,6,4,0,3
276,77.244,12.483,8,8,0,0,8,0,2
277,165.25,12.483,8,8,0,0,8,0,2
278,79.78,8.7122,10,10,0,8,2,0,4
279,51.487,12.483,8,8,0,0,8,0,2
280,150.27,5.1663e-07,10,8,1,2,7,0,4
281,136.59,5.1663e-07,10,8,1,4,5,0,4
282,206.55,11.938,8,8,0,2,6,0,2
283,57.68,11.938,8,8,0,2,6,0,1
284,168.73,8.9993,10,10,0,6,4,0,3
285,181.38,12.483,8,8,0,0,8,0,2
286,210.47,12.483,8,8,0,0,8,0,2
287,193.93,11.938,8,8,0,2,6,0,1
288,85,11.938,8,8,0,2,6,0,2
289,136.31,9.306,10,10,0,4,6,0,3
290,74.297,12.483,8,8,0,0,8,0,2
291,48.836,11.938,8,8,0,2,6,0,1
292,148.82,11.938,8,8,0,2,6,0,1
293,121.59,9.4673,10,10,0,2,7,1,3
294,90.504,11.938,8,8,0,2,6,0,1
295,140.25,12.483,8,8,0,0,8,0,2
296,218.34,8.9993,10,10,0,6,4,0,3
297,93.867,11.938,8,8,0,2,6,0,2
298,109.05,9.306,10,10,0,4,6,0,3
299,15.185,11.938,8,8,0,2,6,0,1
300,86.479,11.938,8,8,0,2,6,0,2
301,135.43,11.938,8,8,0,2,6,0,1
302,190.77,11.938,8,8,0,2,6,0,2
303,111.81,11.938,8,8,0,2,6,0,1
304,55.522,5.1663e-07,10,8,1,2,7,0,3
305,134.93,11.938,8,8,0,2,6,0,1
306,137.88,5.1663e-07,10,8,1,2,7,0,4
307,115.96,9.306,10,10,0,4,6,0,3
308,37.169,12.483,8,8,0,0,8,0,2
309,204.22,11.938,8,8,0,2,6,0,2
310,131.09,11.938,8,8,0,2,6,0,1
311,129.86,11.938,8,8,0,2,6,0,1
312,68.038,5.1663e-07,10,8,1,2,7,0,3
313,106.52,5.1663e-07,10,8,1,4,5,0,4
314,163.73,11.938,8,8,0,2,6,0,1
315,154.2,8.9993,10,10,0,6,4,0,4
316,137.74,5.1663e-07,10,8,1,2,7,0,3
317,205.18,11.938,8,8,0,2,6,0,2
318,77.199,12.483,8,8,0,0,8,0,2
319,175.69,5.1663e-07,10,8,1,2,7,0,4
320,78.293,8.9993,10,10,0,6,4,0,4
321,97.327,5.1663e-07,10,8,1,2,7,0,3
322,221,11.938,8,8,0,2,6,0,2
323,158.35,11.938,8,8,0,2,6,0,2
324,349.9,8.9993,10,10,0,6,4,0,4
325,145.17,12.483,8,8,0,0,8,0,2
326,154.5,11.938,8,8,0,2,6,0,2
327,133.62,9.306,10,10,0,4,6,0,3
328,72.429,11.938,8,8,0,2,6,0,1
329,91.405,11.938,8,8,0,2,6,0,2
330,84.237,9.306,10,10,0,4,6,0,3
331,154.6,11.938,8,8,0,2,6,0,1
332,90.903,8.9993,10,10,0,6,4,0,4
333,70.513,11.938,8,8,0,2,6,0,1
334,109.74,5.1663e-07,10,8,1,4,5,0,4
335,150.57,11.938,8,8,0,2,6,0,1
336,120.69,9.306,10,10,0,4,6,0,3
337,79.051,11.938,8,8,0,2,6,0,1
338,146.37,11.938,8,8,0,2,6,0,1
339,240.3,12.483,8,8,0,0,8,0,2
340,123.05,11.938,8,8,0,2,6,0,2
341,228.21,5.1663e-07,10,8,1,2,7,0,3
342,155.21,12.483,8,8,0,0,8,0,2
343,112.37,8.9993,10,10,0,6,4,0,3
344,177.99,11.938,8,8,0,2,6,0,2
345,105.78,12.483,8,8,0,0,8,0,2
346,108.41,5.1663e-07,10,8,1,2,7,0,3
347,140.63,12.483,8,8,0,0,8,0,2
348,105.64,12.483,8,8,0,0,8,0,2
349,198.19,5.1663e-07,10,8,1,4,5,0,4
350,125.99,5.1663e-07,10,8,1,2,7,0,4
351,190.78,11.938,8,8,0,2,6,0,2
352,58.678,8.9993,10,10,0,6,4,0,3
353,78.595,11.938,8,8,0,2,6,0,2
354,181.17,11.938,8,8,0,2,6,0,1
355,93.319,11.938,8,8,0,2,6,0,2
356,94.337,11.938,8,8,0,2,6,0,1
357,106.51,11.938,8,8,0,2,6,0,1
358,118.81,12.483,8,8,0,0,8,0,2
359,54.029,11.938,8,8,0,2,6,0,2
360,95.609,11.938,8,8,0,2,6,0,2
361,156.29,11.938,8,8,0,2,6,0,1
362,70.431,11.938,8,8,0,2,6,0,2
363,79.102,12.483,8,8,0,0,8,0,2
364,120.39,11.938,8,8,0,2,6,0,1
365,93.08,8.9993,10,10,0,6,4,0,3
366,295.72,11.938,8,8,0,2,6,0,2
367,78.593,11.938,8,8,0,2,6,0,2
368,143.17,12.483,8,8,0,0,8,0,2
369,168.09,12.483,8,8,0,0,8,0,2
370,94.748,11.938,8,8,0,2,6,0,1
371,141,5.1663e-07,10,8,1,4,5,0,4
372,131.28,8.9993,10,10,0,6,4,0,4
373,104.32,11.938,8,8,0,2,6,0,2
374,209.35,9.6343,10,10,0,2,8,0,3
375,58.286,11.938,8,8,0,2,6,0,1
376,59.896,11.938,8,8,0,2,6,0,1
377,103.07,9.306,10,10,0,4,6,0,3
378,81.35,11.938,8,8,0,2,6,0,2
379,23.058,12.483,8,8,0,0,8,0,2
380,85.816,11.938,8,8,0,2,6,0,2
381,73.053,11.938,8,8,0,2,6,0,2
382,123.07,11.938,8,8,0,2,6,0,1
383,180.74,9.306,10,10,0,4,6,0,3
384,96.533,5.1663e-07,10,8,1,2,7,0,2
385,105.06,12.483,8,8,0,0,8,0,2
386,153.69,12.483,8,8,0,0,8,0,2
387,180.51,12.483,8,8,0,0,8,0,2
388,69.777,11.938,8,8,0,2,6,0,2
389,171.89,5.1663e-07,10,8,1,2,7,0,3
390,139.66,11.938,8,8,0,2,6,0,1
391,72.384,11.938,8,8,0,2,6,0,2
392,96.329,11.938,8,8,0,2,6,0,1
393,150.01,5.1663e-07,10,8,1,2,7,0,3
394,63.058,12.483,8,8,0,0,8,0,2
395,78.695,9.306,10,10,0,4,6,0,3
396,95.661,11.938,8,8,0,2,6,0,1
397,93.827,5.1663e-07,10,8,1,4,5,0,4
398,147.83,9.9867,10,10,0,0,10,0,2
399,80.435,11.938,8,8,0,2,6,0,2
400,108.84,9.306,10,10,0,4,6,0,3
401,53.445,11.938,8,8,0,2,6,0,2
402,183.13,11.938,8,8,0,2,6,0,2
403,223.18,11.938,8,8,0,2,6,0,2
404,83.637,11.938,8,8,0,2,6,0,2
405,106.29,11.938,8,8,0,2,6,0,2
406,109.38,11.938,8,8,0,2,6,0,2
407,80.375,11.938,8,8,0,2,6,0,1
408,122.62,12.483,8,8,0,0,8,0,2
409,245.54,12.483,8,8,0,0,8,0,2
410,169.03,12.483,8,8,0,0,8,0,2
411,143.34,11.938,8,8,0,2,6,0,1
412,104,5.1663e-07,10,8,1,2,7,0,4
413,132.68,11.938,8,8,0,2,6,0,1
414,90.929,12.483,8,8,0,0,8,0,2
415,116.71,11.938,8,8,0,2,6,0,2
416,129.87,12.483,8,8,0,0,8,0,2
417,74.264,5.1663e-07,10,8,1,0,9,0,3
418,67.719,12.483,8,8,0,0,8,0,2
419,106.68,5.1663e-07,10,8,1,2,7,0,4
420,77.29,11.938,8,8,0,2,6,0,1
421,88.869,11.938,8,8,0,2,6,0,2
422,100.28,11.938,8,8,0,2,6,0,2
423,114.47,11.938,8,8,0,2,6,0,1
424,76.923,11.938,8,8,0,2,6,0,1
425,121.97,12.483,8,8,0,0,8,0,2
426,56.696,11.938,8,8,0,2,6,0,2
427,133.12,8.9993,10,10,0,6,4,0,3
428,42.85,11.938,8,8,0,2,6,0,1
429,46.076,5.1663e-07,10,8,1,2,7,0,3
430,158.91,8.9993,10,10,0,6,4,0,3
431,160,12.483,8,8,0,0,8,0,2
432,153,11.938,8,8,0,2,6,0,1
433,79.394,11.938,8,8,0,2,6,0,2
434,155.29,11.938,8,8,0,2,6,0,2
435,113.41,9.306,10,10,0,4,6,0,4
436,131.23,11.938,8,8,0,2,6,0,2
437,233.58,9.4673,10,10,0,2,7,1,3
438,66.735,11.938,8,8,0,2,6,0,1
439,128.55,9.4673,10,10,0,2,7,1,2
440,132.26,11.938,8,8,0,2,6,0,2
441,187.58,5.1663e-07,10,8,1,2,7,0,3
442,85.837,11.938,8,8,0,2,6,0,2
443,57.546,11.938,8,8,0,2,6,0,1
444,50.637,8.9993,10,10,0,6,4,0,3
445,103.01,11.938,8,8,0,2,6,0,2
446,204.22,5.1663e-07,10,8,1,2,7,0,2
447,56.611,5.1663e-07,10,8,1,2,7,0,3
448,186.32,8.9993,10,10,0,6,4,0,3
449,95.44,9.1501,10,10,0,4,5,1,3
450,40.442,5.1663e-07,10,8,1,4,5,0,3
451,144.06,11.938,8,8,0,2,6,0,1
452,126.14,9.306,10,10,0,4,6,0,3
453,182.54,8.9993,10,10,0,6,4,0,3
454,37.808,11.938,8,8,0,2,6,0,1
455,166.44,12.483,8,8,0,0,8,0,2
456,112.75,11.938,8,8,0,2,6,0,2
457,280.68,11.938,8,8,0,2,6,0,1
458,73.239,11.938,8,8,0,2,6,0,2
459,135.05,11.938,8,8,0,2,6,0,1
460,71.453,12.483,8,8,0,0,8,0,2
461,112.54,9.6343,10,10,0,2,8,0,2
462,106.17,11.938,8,8,0,2,6,0,2
463,109.69,12.483,8,8,0,0,8,0,2
464,98.896,5.1663e-07,10,8,1,2,7,0,4
465,104.87,11.938,8,8,0,2,6,0,1
466,84.889,11.938,8,8,0,2,6,0,2
467,94.897,11.938,8,8,0,2,6,0,1
468,128.37,12.483,8,8,0,0,8,0,2
469,241.04,11.938,8,8,0,2,6,0,1
470,123.77,12.483,8,8,0,0,8,0,2
471,116,11.938,8,8,0,2,6,0,1
472,155.88,5.1663e-07,10,8,1,2,7,0,3
473,131.54,11.938,8,8,0,2,6,0,1
474,72.54,11.938,8,8,0,2,6,0,1
475,134.95,5.1663e-07,10,8,1,0,9,0,2
476,210.38,11.938,8,8,0,2,6,0,2
477,136.64,11.938,8,8,0,2,6,0,1
478,143.71,9.4673,10,10,0,2,7,1,3
479,65.038,8.9993,10,10,0,6,4,0,3
480,98.181,11.938,8,8,0,2,6,0,1
481,208.94,8.7122,10,10,0,8,2,0,4
482,106.15,12.483,8,8,0,0,8,0,2
483,86.157,11.938,8,8,0,2,6,0,2
484,107.85,5.1663e-07,10,8,1,2,7,0,3
485,106.79,11.938,8,8,0,2,6,0,2
486,164.72,12.483,8,8,0,0,8,0,2
487,201.79,11.938,8,8,0,2,6,0,1
488,123.89,11.938,8,8,0,2,6,0,1
489,138.64,5.1663e-07,10,8,1,1,7,1,2
490,100.67,9.4673,10,10,0,2,7,1,2
491,157.22,12.483,8,8,0,0,8,0,2
492,70.78,11.938,8,8,0,2,6,0,1
493,117.28,11.938,8,8,0,2,6,0,1
494,139.27,11.938,8,8,0,2,6,0,1
495,158.52,11.938,8,8,0,2,6,0,1
496,367.89,12.483,8,8,0,0,8,0,2
497,83.186,11.938,8,8,0,2,6,0,2
498,99.527,12.483,8,8,0,0,8,0,2
499,160.24,11.938,8,8,0,2,6,0,2
500,148.35,5.1663e-07,10,8,1,2,7,0,4
501,149.52,5.1663e-07,10,8,1,4,5,0,4
502,194.61,11.938,8,8,0,2,6,0,2
503,80.957,12.483,8,8,0,0,8,0,2
504,87.501,11.938,8,8,0,2,6,0,1
505,77.952,11.938,8,8,0,2,6,0,1
506,157.76,11.938,8,8,0,2,6,0,2
507,65.939,11.938,8,8,0,2,6,0,1
508,60.726,11.938,8,8,0,2,6,0,1
509,86.489,12.483,8,8,0,0,8,0,2
510,76.765,11.938,8,8,0,2,6,0,1
511,119.13,11.938,8,8,0,2,6,0,1
512,122.28,5.1663e-07,10,8,1,4,5,0,4
513,97.445,11.938,8,8,0,2,6,0,1
514,55.907,11.938,8,8,0,2,6,0,1
515,98.179,9.6343,10,10,0,2,8,0,3
516,167.06,9.306,10,10,0,4,6,0,3
517,181.56,11.938,8,8,0,2,6,0,2
518,113.81,5.1663e-07,10,8,1,2,7,0,4
519,160.93,12.483,8,8,0,0,8,0,2
520,98.475,5.1663e-07,10,8,1,0,9,0,2
521,117.2,11.938,8,8,0,2,6,0,2
522,150.68,11.938,8,8,0,2,6,0,1
523,104.52,11.938,8,8,0,2,6,0,1
524,108.28,9.306,10,10,0,4,6,0,3
525,60.09,11.938,8,8,0,2,6,0,2
526,102.78,5.1663e-07,10,8,1,2,7,0,4
527,116.13,12.483,8,8,0,0,8,0,2
528,95.827,11.938,8,8,0,2,6,0,2
529,72.442,12.483,8,8,0,0,8,0,2
530,243.32,8.9993,10,10,0,6,4,0,3
531,108.4,12.483,8,8,0,0,8,0,2
532,270.92,5.1663e-07,10,8,1,2,7,0,3
533,64.459,8.9993,10,10,0,6,4,0,3
534,148.57,5.1663e-07,10,8,1,4,5,0,4
535,212.75,9.306,10,10,0,4,6,0,3
536,58.457,5.1663e-07,10,8,1,0,9,0,3
537,112.85,11.938,8,8,0,2,6,0,1
538,265.96,11.938,8,8,0,2,6,0,1
539,83.938,5.1663e-07,10,8,1,0,9,0,3
540,149.24,11.938,8,8,0,2,6,0,1
541,164.76,8.9993,10,10,0,6,4,0,3
542,37.727,11.938,8,8,0,2,6,0,1
543,122.78,9.306,10,10,0,4,6,0,3
544,71.101,9.4673,10,10,0,2,7,1,3
545,75.966,5.1663e-07,10,8,1,2,7,0,4
546,108.77,12.483,8,8,0,0,8,0,2
547,121.81,11.938,8,8,0,2,6,0,1
548,53.634,12.483,8,8,0,0,8,0,2
549,171.88,8.9993,10,10,0,6,4,0,3
550,107.7,5.1663e-07,10,8,1,4,5,0,4
551,75.473,5.1663e-07,10,8,1,2,7,0,4
552,226.56,9.6343,10,10,0,2,8,0,2
553,156.74,5.1663e-07,10,8,1,4,5,0,4
554,112.87,11.938,8,8,0,2,6,0,2
555,146.57,5.1663e-07,10,8,1,2,7,0,3
556,130.6,12.483,8,8,0,0,8,0,2
557,72.908,12.483,8,8,0,0,8,0,2
558,53.4,12.483,8,8,0,0,8,0,2
559,64.692,12.483,8,8,0,0,8,0,2
560,202.49,11.938,8,8,0,2,6,0,2
561,82.173,12.483,8,8,0,0,8,0,2
562,57.418,9.306,10,10,0,4,6,0,3
563,66.138,11.938,8,8,0,2,6,0,1
564,164.33,12.483,8,8,0,0,8,0,2
565,146.43,11.938,8,8,0,2,6,0,2
566,202.23,11.938,8,8,0,2,6,0,1
567,38.147,12.483,8,8,0,0,8,0,2
568,146.01,11.938,8,8,0,2,6,0,1
569,85.113,12.483,8,8,0,0,8,0,2
570,119.62,12.483,8,8,0,0,8,0,2
571,79.182,9.1501,10,10,0,4,5,1,3
572,154.37,12.483,8,8,0,0,8,0,2
573,264.33,9.1501,10,10,0,4,5,1,3
574,131.2,9.4673,10,10,0,2,7,1,2
575,60.884,11.938,8,8,0,2,6,0,2
576,119.46,12.483,8,8,0,0,8,0,2
577,92.252,11.938,8,8,0,2,6,0,1
578,268.16,9.306,10,10,0,4,6,0,3
579,239.68,5.1663e-07,10,8,1,2,7,0,3
580,81.388,11.938,8,8,0,2,6,0,2
581,107.04,9.6343,10,10,0,2,8,0,2
582,106.09,12.483,8,8,0,0,8,0,2
583,146.23,12.483,8,8,0,0,8,0,2
584,248.76,11.938,8,8,0,2,6,0,2
585,133.48,5.1663e-07,10,8,1,4,5,0,5
586,113.38,11.938,8,8,0,2,6,0,2
587,64.737,12.483,8,8,0,0,8,0,2
588,190.15,9.306,10,10,0,4,6,0,3
589,45.001,11.938,8,8,0,2,6,0,1
590,143.73,11.938,8,8,0,2,6,0,1
591,157.19,11.938,8,8,0,2,6,0,1
592,86.633,12.483,8,8,0,0,8,0,2
593,190.93,8.9993,10,10,0,6,4,0,3
594,126.67,11.938,8,8,0,2,6,0,2
595,163.29,11.938,8,8,0,2,6,0,2
596,132.59,12.483,8,8,0,0,8,0,2
597,124.8,5.1663e-07,10,8,1,2,7,0,3
598,22.988,11.938,8,8,0,2,6,0,2
599,194.1,12.483,8,8,0,0,8,0,2
600,96.535,12.483,8,8,0,0,8,0,2
601,96.05,9.306,10,10,0,4,6,0,3
602,80.403,11.938,8,8,0,2,6,0,2
603,82.066,11.938,8,8,0,2,6,0,1
604,150.18,12.483,8,8,0,0,8,0,2
605,121.91,12.483,8,8,0,0,8,0,2
606,102.33,5.1663e-07,10,8,1,2,7,0,3
607,148.01,5.1663e-07,10,8,1,0,9,0,3
608,130,11.938,8,8,0,2,6,0,1
609,239.54,9.4673,10,10,0,2,7,1,2
610,109.18,12.483,8,8,0,0,8,0,2
611,98.142,5.1663e-07,10,8,1,4,5,0,4
612,133.67,5.1663e-07,10,8,1,2,7,0,3
613,136.52,12.483,8,8,0,0,8,0,2
614,76.918,12.483,8,8,0,0,8,0,2
615,150.66,8.9993,10,10,0,6,4,0,3
616,164.02,5.1663e-07,10,8,1,2,7,0,3
617,62.31,5.1663e-07,10,8,1,2,7,0,4
618,119.93,5.1663e-07,10,8,1,0,9,0,2
619,100.08,11.938,8,8,0,2,6,0,2
620,80.897,11.938,8,8,0,2,6,0,2
621,153.84,12.483,8,8,0,0,8,0,2
622,80.302,11.938,8,8,0,2,6,0,1
623,141.93,11.938,8,8,0,2,6,0,1
624,106.3,11.938,8,8,0,2,6,0,2
625,113.62,11.938,8,8,0,2,6,0,1
626,77.028,11.938,8,8,0,2,6,0,2
627,54.686,12.483,8,8,0,0,8,0,2
628,128.44,8.9993,10,10,0,6,4,0,4
629,154.96,5.1663e-07,10,8,1,4,5,0,4
630,145.76,9.4673,10,10,0,2,7,1,3
631,114.12,5.1663e-07,10,8,1,2,7,0,3
632,169.13,5.1663e-07,10,8,1,2,7,0,4
633,134.36,8.9993,10,10,0,6,4,0,3
634,94.882,11.938,8,8,0,2,6,0,2
635,202.3,11.938,8,8,0,2,6,0,2
636,147.01,11.938,8,8,0,2,6,0,1
637,195.52,5.1663e-07,10,8,1,2,7,0,4
638,50.941,5.1663e-07,10,8,1,2,7,0,3
639,160.9,11.938,8,8,0,2,6,0,2
640,117.66,11.938,8,8,0,2,6,0,2
641,79.61,11.938,8,8,0,2,6,0,2
642,98.377,12.483,8,8,0,0,8,0,2
643,123.1,11.938,8,8,0,2,6,0,1
644,109.61,12.483,8,8,0,0,8,0,2
645,141.9,5.1663e-07,10,8,1,4,5,0,4
646,147.64,11.938,8,8,0,2,6,0,1
647,113.75,12.483,8,8,0,0,8,0,2
648,111.92,5.1663e-07,10,8,1,2,7,0,3
649,127.32,11.938,8,8,0,2,6,0,2
650,56.632,11.938,8,8,0,2,6,0,2
651,99.545,5.1663e-07,10,8,1,4,5,0,4
652,97.109,11.938,8,8,0,2,6,0,1
653,150.07,11.938,8,8,0,2,6,0,2
654,111.88,12.483,8,8,0,0,8,0,2
655,118.2,11.938,8,8,0,2,6,0,2
656,100.89,12.483,8,8,0,0,8,0,2
657,280.55,5.1663e-07,10,8,1,2,7,0,3
658,122.09,9.306,10,10,0,4,6,0,3
659,90.911,11.938,8,8,0,2,6,0,1
660,130.73,9.306,10,10,0,4,6,0,3
661,71.75,12.483,8,8,0,0,8,0,2
662,139.06,5.1663e-07,10,8,1,2,7,0,3
663,173.69,8.9993,10,10,0,6,4,0,4
664,72.421,11.938,8,8,0,2,6,0,2
665,55.2,11.938,8,8,0,2,6,0,1
666,149.18,9.306,10,10,0,4,6,0,3
667,134.22,11.938,8,8,0,2,6,0,1
668,164.99,11.938,8,8,0,2,6,0,1
669,145.7,11.938,8,8,0,2,6,0,1
670,117.49,5.1663e-07,10,8,1,4,5,0,4
671,99.611,8.9993,10,10,0,6,4,0,3
672,123.43,11.938,8,8,0,2,6,0,2
673,83.005,11.938,8,8,0,2,6,0,1
674,69.088,11.938,8,8,0,2,6,0,1
675,160.14,5.1663e-07,10,8,1,4,5,0,5
676,78.552,5.1663e-07,10,8,1,0,9,0,2
677,93.985,12.483,8,8,0,0,8,0,2
678,381.25,11.938,8,8,0,2,6,0,2
679,119.41,12.483,8,8,0,0,8,0,2
680,119.16,11.938,8,8,0,2,6,0,1
681,97.424,8.9993,10,10,0,6,4,0,3
682,134.68,12.483,8,8,0,0,8,0,2
683,153.71,11.938,8,8,0,2,6,0,2
684,110.14,12.483,8,8,0,0,8,0,2
685,109.98,11.938,8,8,0,2,6,0,1
686,169.32,8.9993,10,10,0,6,4,0,3
687,82.495,11.938,8,8,0,2,6,0,2
688,78.771,11.938,8,8,0,2,6,0,2
689,113.47,11.938,8,8,0,2,6,0,2
690,127.77,9.306,10,10,0,4,6,0,3
691,137.25,9.306,10,10,0,4,6,0,4
692,159.17,5.1663e-07,10,8,1,2,7,0,4
693,129.61,12.483,8,8,0,0,8,0,2
694,83.562,9.306,10,10,0,4,6,0,3
695,203,5.1663e-07,10,8,1,4,5,0,4
696,73.397,8.7122,10,10,0,8,2,0,4
697,66.089,5.1663e-07,10,8,1,2,7,0,3
698,121.18,11.938,8,8,0,2,6,0,2
699,130.63,9.306,10,10,0,4,6,0,3
700,79.915,12.483,8,8,0,0,8,0,2
701,107.16,11.938,8,8,0,2,6,0,2
702,105.45,11.938,8,8,0,2,6,0,1
703,118.23,8.7122,10,10,0,8,2,0,4
704,74.284,12.483,8,8,0,0,8,0,2
705,69.454,11.938,8,8,0,2,6,0,2
706,117.88,5.1663e-07,10,8,1,4,5,0,4
707,120.8,11.938,8,8,0,2,6,0,1
708,140.3,8.9993,10,10,0,6,4,0,4
709,160.27,12.483,8,8,0,0,8,0,2
710,156.27,9.306,10,10,0,4,6,0,3
711,130.58,11.938,8,8,0,2,6,0,1
712,181.37,11.938,8,8,0,2,6,0,1
713,68.548,8.9993,10,10,0,6,4,0,2
714,71.271,12.483,8,8,0,0,8,0,2
715,80.915,11.938,8,8,0,2,6,0,1
716,135.55,11.938,8,8,0,2,6,0,2
717,86.021,11.938,8,8,0,2,6,0,2
718,157.56,8.7122,10,10,0,8,2,0,4
719,248.89,8.9993,10,10,0,6,4,0,3
720,152.18,9.6343,10,10,0,2,8,0,3
721,120.79,12.483,8,8,0,0,8,0,2
722,108.44,11.938,8,8,0,2,6,0,2
723,91.677,11.938,8,8,0,2,6,0,2
724,62.902,11.938,8,8,0,2,6,0,2
725,88.364,9.6343,10,10,0,2,8,0,2
726,80.916,5.1663e-07,10,8,1,2,7,0,3
727,121.82,12.483,8,8,0,0,8,0,2
728,141.26,8.9993,10,10,0,6,4,0,4
729,207.68,5.1663e-07,10,8,1,2,7,0,3
730,315.57,5.1663e-07,10,8,1,4,5,0,5
731,43.405,11.938,8,8,0,2,6,0,1
732,55.901,5.1663e-07,10,8,1,2,7,0,4
733,133.05,12.483,8,8,0,0,8,0,2
734,69.114,5.1663e-07,10,8,1,4,5,0,5
735,89.65,5.1663e-07,10,8,1,4,5,0,4
736,135.95,5.1663e-07,10,8,1,2,7,0,3
737,79.817,12.483,8,8,0,0,8,0,2
738,157.39,5.1663e-07,10,8,1,4,5,0,4
739,79.202,11.938,8,8,0,2,6,0,2
740,147.69,5.1663e-07,10,8,1,2,7,0,3
741,153.03,12.483,8,8,0,0,8,0,2
742,199.53,9.306,10,10,0,4,6,0,3
743,210.42,9.6343,10,10,0,2,8,0,3
744,170.39,11.938,8,8,0,2,6,0,1
745,158.05,5.1663e-07,10,8,1,2,7,0,3
746,120.33,5.1663e-07,10,8,1,2,7,0,4
747,169,11.938,8,8,0,2,6,0,2
748,160.14,9.306,10,10,0,4,6,0,2
749,159.31,9.1501,10,10,0,4,5,1,3
750,151.21,5.1663e-07,10,8,1,4,5,0,4
751,122.88,11.938,8,8,0,2,6,0,2
752,72.287,12.483,8,8,0,0,8,0,2
753,162.53,9.306,10,10,0,4,6,0,3
754,91.81,5.1663e-07,10,8,1,2,7,0,4
755,119.96,5.1663e-07,10,8,1,4,5,0,4
756,70.773,11.938,8,8,0,2,6,0,1
757,114.56,12.483,8,8,0,0,8,0,2
758,78.172,11.938,8,8,0,2,6,0,1
759,173.39,12.483,8,8,0,0,8,0,2
760,84.622,11.938,8,8,0,2,6,0,2
761,74.149,11.938,8,8,0,2,6,0,1
762,121.02,5.1663e-07,10,8,1,2,7,0,3
763,88.742,11.938,8,8,0,2,6,0,1
764,75.689,5.1663e-07,10,8,1,4,5,0,4
765,123.15,5.1663e-07,10,8,1,0,9,0,3
766,237.57,5.1663e-07,10,8,1,4,5,0,4
767,8.7609,12.483,8,8,0,0,8,0,2
768,76.231,5.1663e-07,10,8,1,2,7,0,4
769,113.84,12.483,8,8,0,0,8,0,2
770,102.33,11.938,8,8,0,2,6,0,2
771,113.24,12.483,8,8,0,0,8,0,2
772,120.01,11.938,8,8,0,2,6,0,1
773,60.007,12.483,8,8,0,0,8,0,2
774,92.301,11.938,8,8,0,2,6,0,1
775,85.679,11.938,8,8,0,2,6,0,2
776,135.03,11.938,8,8,0,2,6,0,2
777,64.858,12.483,8,8,0,0,8,0,2
778,104.53,12.483,8,8,0,0,8,0,2
779,138.79,5.1663e-07,10,8,1,4,5,0,4
780,141.28,11.938,8,8,0,2,6,0,2
781,124.93,5.1663e-07,10,8,1,4,5,0,4
782,137.94,12.483,8,8,0,0,8,0,2
783,126.67,5.1663e-07,10,8,1,0,9,0,3
784,86.033,11.938,8,8,0,2,6,0,1
785,146.01,11.938,8,8,0,2,6,0,1
786,209.67,8.7122,10,10,0,8,2,0,4
787,97.1,11.938,8,8,0,2,6,0,1
788,62.15,9.306,10,10,0,4,6,0,3
789,274.62,11.938,8,8,0,2,6,0,2
790,165.63,5.1663e-07,10,8,1,4,5,0,4
791,189.38,11.938,8,8,0,2,6,0,2
792,63.538,9.6343,10,10,0,2,8,0,3
793,142.9,11.938,8,8,0,2,6,0,1
794,86.118,9.306,10,10,0,4,6,0,3
795,65.647,9.306,10,10,0,4,6,0,3
796,171.47,5.1663e-07,10,8,1,2,7,0,3
797,127.19,9.306,10,10,0,4,6,0,3
798,169.99,5.1663e-07,10,8,1,2,7,0,2
799,100.47,9.306,10,10,0,4,6,0,4
800,34.928,11.938,8,8,0,2,6,0,2
801,116.3,11.938,8,8,0,2,6,0,2
802,106.44,11.938,8,8,0,2,6,0,1
803,176.46,5.1663e-07,10,8,1,4,5,0,4
804,73.666,11.938,8,8,0,2,6,0,2
805,128.62,11.938,8,8,0,2,6,0,2
806,44.437,11.938,8,8,0,2,6,0,2
807,140.88,8.7122,10,10,0,8,2,0,4
808,68.825,11.938,8,8,0,2,6,0,1
809,84.405,11.938,8,8,0,2,6,0,1
810,25.501,11.938,8,8,0,2,6,0,2
811,130.77,9.306,10,10,0,4,6,0,3
812,82.299,11.938,8,8,0,2,6,0,1
813,120.99,11.938,8,8,0,2,6,0,2
814,392.01,11.938,8,8,0,2,6,0,2
815,104.79,5.1663e-07,10,8,1,2,7,0,3
816,132.63,12.483,8,8,0,0,8,0,2
817,76.848,11.938,8,8,0,2,6,0,1
818,112.24,11.938,8,8,0,2,6,0,1
819,129.5,11.938,8,8,0,2,6,0,2
820,116.64,11.938,8,8,0,2,6,0,1
821,90.787,11.938,8,8,0,2,6,0,2
822,94.449,5.1663e-07,10,8,1,4,5,0,4
823,63.24,11.938,8,8,0,2,6,0,1
824,91.778,11.938,8,8,0,2,6,0,1
825,141.26,11.938,8,8,0,2,6,0,2
826,69.025,9.306,10,10,0,4,6,0,4
827,170.73,5.1663e-07,10,8,1,4,5,0,3
828,183,5.1663e-07,10,8,1,2,7,0,3
829,69.083,11.938,8,8,0,2,6,0,2
830,184.49,5.1663e-07,10,8,1,2,7,0,4
831,87.633,11.938,8,8,0,2,6,0,1
832,136.07,11.938,8,8,0,2,6,0,1
833,65.833,11.938,8,8,0,2,6,0,2
834,59.742,8.7122,10,10,0,8,2,0,4
835,86.934,5.1663e-07,10,8,1,4,5,0,4
836,144.11,5.1663e-07,10,8,1,2,7,0,4
837,47.775,11.938,8,8,0,2,6,0,2
838,181.43,5.1663e-07,10,8,1,2,7,0,4
839,147.45,11.938,8,8,0,2,6,0,2
840,235.17,5.1663e-07,10,8,1,4,5,0,3
841,105.15,11.938,8,8,0,2,6,0,1
842,166.46,11.938,8,8,0,2,6,0,2
843,56.265,11.938,8,8,0,2,6,0,1
844,104.23,11.938,8,8,0,2,6,0,2
845,159.49,9.306,10,10,0,4,6,0,3
846,95.441,11.938,8,8,0,2,6,0,2
847,67.76,12.483,8,8,0,0,8,0,2
848,110.06,11.938,8,8,0,2,6,0,1
849,238.57,11.938,8,8,0,2,6,0,1
850,146.94,12.483,8,8,0,0,8,0,2
851,69.025,12.483,8,8,0,0,8,0,2
852,60.223,11.938,8,8,0,2,6,0,2
853,127.51,11.938,8,8,0,2,6,0,2
854,82.458,8.9993,10,10,0,6,4,0,4
855,117.11,12.483,8,8,0,0,8,0,2
856,68.358,11.938,8,8,0,2,6,0,2
857,128.93,12.483,8,8,0,0,8,0,2
858,227.32,9.306,10,10,0,4,6,0,4
859,144.73,5.1663e-07,10,8,1,4,5,0,4
860,83.303,11.938,8,8,0,2,6,0,1
861,85.868,11.938,8,8,0,2,6,0,1
862,182.11,11.938,8,8,0,2,6,0,1
863,250.38,12.483,8,8,0,0,8,0,2
864,118.11,5.1663e-07,10,8,1,4,5,0,4
865,117.09,5.1663e-07,10,8,1,2,7,0,3
866,136.59,9.306,10,10,0,4,6,0,4
867,212.51,8.7122,10,10,0,8,2,0,4
868,241.53,11.938,8,8,0,2,6,0,1
869,95.758,8.9993,10,10,0,6,4,0,3
870,82.891,12.483,8,8,0,0,8,0,2
871,94.679,11.938,8,8,0,2,6,0,2
872,97.674,8.9993,10,10,0,6,4,0,4
873,133.48,9.306,10,10,0,4,6,0,3
874,56.384,12.483,8,8,0,0,8,0,2
875,41.567,5.1663e-07,10,8,1,4,5,0,4
876,102.94,5.1663e-07,10,8,1,4,5,0,4
877,224.41,12.483,8,8,0,0,8,0,2
878,99.407,12.483,8,8,0,0,8,0,2
879,104.36,11.938,8,8,0,2,6,0,1
880,149.91,11.938,8,8,0,2,6,0,1
881,105.41,11.938,8,8,0,2,6,0,1
882,105.79,9.306,10,10,0,4,6,0,3
883,144.45,11.938,8,8,0,2,6,0,2
884,170.88,9.306,10,10,0,4,6,0,3
885,107.33,11.938,8,8,0,2,6,0,1
886,179.08,11.938,8,8,0,2,6,0,1
887,147.71,12.483,8,8,0,0,8,0,2
888,116.11,11.938,8,8,0,2,6,0,1
889,103.29,12.483,8,8,0,0,8,0,2
890,84.84,5.1663e-07,10,8,1,4,5,0,5
891,75.655,12.483,8,8,0,0,8,0,2
892,79.866,12.483,8,8,0,0,8,0,2
893,98.397,9.1501,10,10,0,4,5,1,3
894,124.87,11.938,8,8,0,2,6,0,1
895,160.41,12.483,8,8,0,0,8,0,2
896,114.08,11.938,8,8,0,2,6,0,1
897,162.69,11.938,8,8,0,2,6,0,1
898,67.438,12.483,8,8,0,0,8,0,2
899,116.71,11.938,8,8,0,2,6,0,1
900,79.126,11.938,8,8,0,2,6,0,2
901,101.17,11.938,8,8,0,2,6,0,1
902,156.24,5.1663e-07,10,8,1,2,7,0,4
903,210.55,9.9867,10,10,0,0,10,0,2
904,191.39,5.1663e-07,10,8,1,2,7,0,3
905,73.402,12.483,8,8,0,0,8,0,2
906,127.81,5.1663e-07,10,8,1,2,7,0,3
907,141.99,9.306,10,10,0,4,6,0,3
908,24.258,12.483,8,8,0,0,8,0,2
909,99.338,11.938,8,8,0,2,6,0,1
910,93.573,5.1663e-07,10,8,1,4,5,0,5
911,131.41,5.1663e-07,10,8,1,2,7,0,4
912,75.316,8.9993,10,10,0,6,4,0,3
913,46.058,8.9993,10,10,0,6,4,0,4
914,128.35,11.938,8,8,0,2,6,0,1
915,114.83,11.938,8,8,0,2,6,0,1
916,200.66,9.306,10,10,0,4,6,0,3
917,124.78,5.1663e-07,10,8,1,2,7,0,3
918,108.63,5.1663e-07,10,8,1,4,5,0,4
919,74.381,11.938,8,8,0,2,6,0,2
920,128.8,12.483,8,8,0,0,8,0,2
921,148.39,11.938,8,8,0,2,6,0,1
922,179.6,11.938,8,8,0,2,6,0,1
923,164.28,5.1663e-07,10,8,1,2,7,0,3
924,83.029,9.306,10,10,0,4,6,0,3
925,223.76,8.7122,10,10,0,8,2,0,4
926,120.52,8.9993,10,10,0,6,4,0,3
927,100.67,9.306,10,10,0,4,6,0,3
928,94.015,11.938,8,8,0,2,6,0,2
929,74.802,11.938,8,8,0,2,6,0,1
930,56.811,9.306,10,10,0,4,6,0,3
931,60.233,11.938,8,8,0,2,6,0,1
932,199.86,9.6343,10,10,0,2,8,0,2
933,116.36,11.938,8,8,0,2,6,0,1
934,82.706,11.938,8,8,0,2,6,0,2
935,95.183,11.938,8,8,0,2,6,0,1
936,167.61,5.1663e-07,10,8,1,4,5,0,5
937,123.38,9.306,10,10,0,4,6,0,4
938,148.98,8.9993,10,10,0,6,4,0,3
939,122.99,11.938,8,8,0,2,6,0,2
940,56.37,11.938,8,8,0,2,6,0,1
941,277.71,11.938,8,8,0,2,6,0,1
942,123.1,12.483,8,8,0,0,8,0,2
943,110.04,12.483,8,8,0,0,8,0,2
944,138.11,11.938,8,8,0,2,6,0,1
945,128.26,12.483,8,8,0,0,8,0,2
946,243.47,8.9993,10,10,0,6,4,0,4
947,246.67,8.9993,10,10,0,6,4,0,4
948,54.958,12.483,8,8,0,0,8,0,2
949,117.94,9.306,10,10,0,4,6,0,4
950,95.684,12.483,8,8,0,0,8,0,2
951,98.177,5.1663e-07,10,8,1,4,5,0,4
952,132.37,8.9993,10,10,0,6,4,0,4
953,226.57,11.938,8,8,0,2,6,0,1
954,213.83,9.4673,10,10,0,2,7,1,2
955,83.923,11.938,8,8,0,2,6,0,2
956,88.211,12.483,8,8,0,0,8,0,2
957,159.76,11.938,8,8,0,2,6,0,2
958,123.28,5.1663e-07,10,8,1,4,5,0,4
959,114.55,5.1663e-07,10,8,1,4,5,0,4
960,86.619,5.1663e-07,10,8,1,2,7,0,3
961,107.42,5.1663e-07,10,8,1,2,7,0,3
962,168.23,12.483,8,8,0,0,8,0,2
963,156.56,12.483,8,8,0,0,8,0,2
964,64.083,11.938,8,8,0,2,6,0,2
965,135.81,5.1663e-07,10,8,1,2,7,0,3
966,110.52,11.938,8,8,0,2,6,0,1
967,99.77,11.938,8,8,0,2,6,0,1
968,102.95,11.938,8,8,0,2,6,0,2
969,104,11.938,8,8,0,2,6,0,1
970,49.034,11.938,8,8,0,2,6,0,1
971,177.66,5.1663e-07,10,8,1,2,7,0,4
972,74.318,11.938,8,8,0,2,6,0,1
973,114.7,11.938,8,8,0,2,6,0,1
974,162.38,5.1663e-07,10,8,1,2,7,0,3
975,178.19,11.938,8,8,0,2,6,0,1
976,73.647,11.938,8,8,0,2,6,0,2
977,98.086,11.938,8,8,0,2,6,0,2
978,61.377,12.483,8,8,0,0,8,0,2
979,79.684,8.9993,10,10,0,6,4,0,3
980,68.225,11.938,8,8,0,2,6,0,2
981,305.03,11.938,8,8,0,2,6,0,2
982,128.36,12.483,8,8,0,0,8,0,2
983,285.97,9.306,10,10,0,4,6,0,4
984,86.928,11.938,8,8,0,2,6,0,2
985,157.58,11.938,8,8,0,2,6,0,2
986,96.276,5.1663e-07,10,8,1,2,7,0,3
987,139.55,9.306,10,10,0,4,6,0,3
988,43.783,9.306,10,10,0,4,6,0,3
989,52.647,11.938,8,8,0,2,6,0,2
990,78.456,9.6343,10,10,0,2,8,0,2
991,77.836,11.938,8,8,0,2,6,0,2
992,365.21,11.938,8,8,0,2,6,0,1
993,186.3,12.483,8,8,0,0,8,0,2
994,83.37,12.483,8,8,0,0,8,0,2
995,92.343,12.483,8,8,0,0,8,0,2
996,114.31,5.1663e-07,10,8,1,2,7,0,3
997,73.16,5.1663e-07,10,8,1,4,5,0,4
998,141.65,12.483,8,8,0,0,8,0,2
999,117.3,12.483,8,8,0,0,8,0,2
1000,127.64,5.1663e-07,10,8,1,2,7,0,3
1001,134.31,11.938,8,8,0,2,6,0,1
1002,85.857,11.938,8,8,0,2,6,0,1
1003,69.74,11.938,8,8,0,2,6,0,1
1004,179.05,12.483,8,8,0,0,8,0,2
1005,53.506,11.938,8,8,0,2,6,0,2
1006,100.9,12.483,8,8,0,0,8,0,2
1007,106.95,5.1663e-07,10,8,1,2,7,0,3
1008,197.71,11.938,8,8,0,2,6,0,1
1009,138.19,12.483,8,8,0,0,8,0,2
1010,92.894,9.306,10,10,0,4,6,0,3
1011,125.81,11.938,8,8,0,2,6,0,1
1012,161.71,5.1663e-07,10,8,1,4,5,0,4
1013,164.38,5.1663e-07,10,8,1,2,7,0,3
1014,108.15,5.1663e-07,10,8,1,4,5,0,4
1015,168.29,11.938,8,8,0,2,6,0,2
1016,145.8,11.938,8,8,0,2,6,0,1
1017,80,11.938,8,8,0,2,6,0,1
1018,114.67,5.1663e-07,10,8,1,4,5,0,4
1019,180.86,9.6343,10,10,0,2,8,0,3
1020,180.09,11.938,8,8,0,2,6,0,1
1021,126.1,5.1663e-07,10,8,1,2,7,0,3
1022,217.72,11.938,8,8,0,2,6,0,2
1023,94.555,12.483,8,8,0,0,8,0,2
1024,128.67,12.483,8,8,0,0,8,0,2
1025,33.222,11.938,8,8,0,2,6,0,2
1026,45.883,11.938,8,8,0,2,6,0,2
1027,143.01,5.1663e-07,10,8,1,4,5,0,4
1028,138.84,11.938,8,8,0,2,6,0,1
1029,116.12,11.938,8,8,0,2,6,0,1
1030,53.577,5.1663e-07,10,8,1,4,5,0,4
1031,131.36,11.938,8,8,0,2,6,0,1
1032,81.877,11.938,8,8,0,2,6,0,1
1033,193.78,11.938,8,8,0,2,6,0,1
1034,52.96,11.938,8,8,0,2,6,0,1
1035,170.89,11.938,8,8,0,2,6,0,1
1036,73.382,11.938,8,8,0,2,6,0,1
1037,81.851,5.1663e-07,10,8,1,2,7,0,4
1038,119.29,8.9993,10,10,0,6,4,0,4
1039,35.526,11.938,8,8,0,2,6,0,2
1040,123.84,5.1663e-07,10,8,1,4,5,0,4
1041,166.17,12.483,8,8,0,0,8,0,2
1042,79.969,5.1663e-07,10,8,1,2,7,0,3
1043,99.917,11.938,8,8,0,2,6,0,1
1044,149.79,9.6343,10,10,0,2,8,0,3
1045,137.49,9.6343,10,10,0,2,8,0,2
1046,47.309,8.9993,10,10,0,6,4,0,3
1047,127.39,5.1663e-07,10,8,1,2,7,0,4
1048,91.125,11.938,8,8,0,2,6,0,2
1049,127.59,11.938,8,8,0,2,6,0,1
1050,56.414,11.938,8,8,0,2,6,0,1
1051,218.95,12.483,8,8,0,0,8,0,2
1052,63.681,9.6343,10,10,0,2,8,0,3
1053,193.11,11.938,8,8,0,2,6,0,1
1054,184.2,11.938,8,8,0,2,6,0,1
1055,136.67,12.483,8,8,0,0,8,0,2
1056,110.63,12.483,8,8,0,0,8,0,2
1057,197.05,11.938,8,8,0,2,6,0,2
1058,203.15,11.938,8,8,0,2,6,0,2
1059,103.18,11.938,8,8,0,2,6,0,1
1060,208.18,9.6343,10,10,0,2,8,0,2
1061,116.51,9.4673,10,10,0,2,7,1,3
1062,37.138,11.938,8,8,0,2,6,0,1
1063,94.517,11.938,8,8,0,2,6,0,1
1064,150.25,11.938,8,8,0,2,6,0,2
1065,99.418,11.938,8,8,0,2,6,0,2
1066,100.65,12.483,8,8,0,0,8,0,2
1067,81.246,12.483,8,8,0,0,8,0,2
1068,153.46,11.938,8,8,0,2,6,0,2
1069,182.76,11.938,8,8,0,2,6,0,2
1070,12.854,12.483,8,8,0,0,8,0,2
1071,40.661,12.483,8,8,0,0,8,0,2
1072,126.16,5.1663e-07,10,8,1,2,7,0,3
1073,130.38,12.483,8,8,0,0,8,0,2
1074,123.91,5.1663e-07,10,8,1,4,5,0,4
1075,56.882,11.938,8,8,0,2,6,0,1
1076,152,8.9993,10,10,0,6,4,0,3
1077,147.18,5.1663e-07,10,8,1,2,7,0,3
1078,109.15,12.483,8,8,0,0,8,0,2
1079,130.5,8.9993,10,10,0,6,4,0,3
1080,146.71,5.1663e-07,10,8,1,2,7,0,3
1081,147.09,12.483,8,8,0,0,8,0,2
1082,116.63,11.938,8,8,0,2,6,0,2
1083,165.96,9.306,10,10,0,4,6,0,2
1084,55.379,9.306,10,10,0,4,6,0,3
1085,94.483,11.938,8,8,0,2,6,0,1
1086,157.58,11.938,8,8,0,2,6,0,1
1087,126.34,5.1663e-07,10,8,1,2,7,0,3
1088,77.655,9.306,10,10,0,4,6,0,3
1089,148.63,11.938,8,8,0,2,6,0,1
1090,46.906,5.1663e-07,10,8,1,4,5,0,4
1091,61.527,5.1663e-07,10,8,1,2,7,0,4
1092,182.5,11.938,8,8,0,2,6,0,1
1093,192.33,9.9867,10,10,0,0,10,0,2
1094,75.222,11.938,8,8,0,2,6,0,1
1095,122.08,12.483,8,8,0,0,8,0,2
1096,110.04,5.1663e-07,10,8,1,4,5,0,4
1097,91.674,5.1663e-07,10,8,1,2,7,0,3
1098,100.33,12.483,8,8,0,0,8,0,2
1099,84.932,11.938,8,8,0,2,6,0,2
1100,80.703,11.938,8,8,0,2,6,0,2
1101,101.21,12.483,8,8,0,0,8,0,2
1102,219.59,5.1663e-07,10,8,1,2,7,0,3
1103,182.31,8.9993,10,10,0,6,4,0,2
1104,99.266,5.1663e-07,10,8,1,4,5,0,4
1105,145.35,11.938,8,8,0,2,6,0,1
1106,252.04,11.938,8,8,0,2,6,0,1
1107,77.486,11.938,8,8,0,2,6,0,2
1108,99.507,11.938,8,8,0,2,6,0,1
1109,134.65,11.938,8,8,0,2,6,0,1
1110,219.35,5.1663e-07,10,8,1,4,5,0,4
1111,61.296,11.938,8,8,0,2,6,0,1
1112,94.789,11.938,8,8,0,2,6,0,2
1113,134.93,9.306,10,10,0,4,6,0,3
1114,102.06,8.9993,10,10,0,6,4,0,2
1115,52.558,5.1663e-07,10,8,1,1,7,1,2
1116,112.41,12.483,8,8,0,0,8,0,2
1117,109.83,12.483,8,8,0,0,8,0,2
1118,79.067,11.938,8,8,0,2,6,0,1
1119,160.82,11.938,8,8,0,2,6,0,1
1120,54.037,11.938,8,8,0,2,6,0,1
1121,148.36,11.938,8,8,0,2,6,0,2
1122,53.337,9.306,10,10,0,4,6,0,4
1123,118.16,12.483,8,8,0,0,8,0,2
1124,46.178,11.938,8,8,0,2,6,0,2
1125,120.92,9.306,10,10,0,4,6,0,3
1126,71.045,9.4673,10,10,0,2,7,1,3
1127,87.24,11.938,8,8,0,2,6,0,2
1128,157.66,12.483,8,8,0,0,8,0,2
1129,215.78,11.938,8,8,0,2,6,0,2
1130,187.32,11.938,8,8,0,2,6,0,1
1131,167.14,12.483,8,8,0,0,8,0,2
1132,185.8,8.9993,10,10,0,6,4,0,4
1133,177.85,11.938,8,8,0,2,6,0,1
1134,180.47,5.1663e-07,10,8,1,4,5,0,5
1135,53.716,11.938,8,8,0,2,6,0,2
1136,329.85,12.483,8,8,0,0,8,0,2
1137,127.82,9.306,10,10,0,4,6,0,3
1138,187.7,12.483,8,8,0,0,8,0,2
1139,75.19,12.483,8,8,0,0,8,0,2
1140,246.79,5.1663e-07,10,8,1,4,5,0,3
1141,97.393,11.938,8,8,0,2,6,0,2
1142,166.41,11.938,8,8,0,2,6,0,2
1143,79.134,5.1663e-07,10,8,1,4,5,0,4
1144,227.16,8.9993,10,10,0,6,4,0,3
1145,99.183,5.1663e-07,10,8,1,2,7,0,3
1146,184.13,11.938,8,8,0,2,6,0,2
1147,52.957,11.938,8,8,0,2,6,0,1
1148,71.994,9.6343,10,10,0,2,8,0,2
1149,87.832,5.1663e-07,10,8,1,2,7,0,3
1150,94.564,12.483,8,8,0,0,8,0,2
1151,102.74,11.938,8,8,0,2,6,0,2
1152,46.841,11.938,8,8,0,2,6,0,1
1153,230.66,9.1501,10,10,0,4,5,1,3
1154,59.904,5.1663e-07,10,8,1,4,5,0,4
1155,206.06,11.938,8,8,0,2,6,0,2
1156,177.86,8.9993,10,10,0,6,4,0,3
1157,81.44,11.938,8,8,0,2,6,0,1
1158,157.76,11.938,8,8,0,2,6,0,2
1159,77.659,8.9993,10,10,0,6,4,0,3
1160,169.81,12.483,8,8,0,0,8,0,2
1161,91.497,12.483,8,8,0,0,8,0,2
1162,171.9,11.938,8,8,0,2,6,0,1
1163,110.47,8.9993,10,10,0,6,4,0,3
1164,284.45,12.483,8,8,0,0,8,0,2
1165,63.259,11.938,8,8,0,2,6,0,2
1166,121.4,9.6343,10,10,0,2,8,0,3
1167,163.54,9.6343,10,10,0,2,8,0,2
1168,97.209,12.483,8,8,0,0,8,0,2
1169,105.82,9.306,10,10,0,4,6,0,3
1170,119.27,11.938,8,8,0,2,6,0,2
1171,99.003,11.938,8,8,0,2,6,0,2
1172,142,11.938,8,8,0,2,6,0,1
1173,193.06,5.1663e-07,10,8,1,4,5,0,4
1174,118.27,12.483,8,8,0,0,8,0,2
1175,107.83,11.938,8,8,0,2,6,0,1
1176,153.02,11.938,8,8,0,2,6,0,2
1177,215.81,11.938,8,8,0,2,6,0,1
1178,129.47,11.938,8,8,0,2,6,0,1
1179,54.576,11.938,8,8,0,2,6,0,2
1180,99.001,5.1663e-07,10,8,1,4,5,0,4
1181,152.92,11.938,8,8,0,2,6,0,1
1182,147.02,9.306,10,10,0,4,6,0,3
1183,184.04,11.938,8,8,0,2,6,0,1
1184,57.262,11.938,8,8,0,2,6,0,2
1185,78.486,8.9993,10,10,0,6,4,0,3
1186,93.711,12.483,8,8,0,0,8,0,2
1187,159.36,11.938,8,8,0,2,6,0,1
1188,97.788,8.7122,10,10,0,8,2,0,4
1189,71.624,9.306,10,10,0,4,6,0,3
1190,111.94,11.938,8,8,0,2,6,0,1
1191,122.35,9.4673,10,10,0,2,7,1,3
1192,112.13,11.938,8,8,0,2,6,0,1
1193,141.18,11.938,8,8,0,2,6,0,1
1194,137.22,8.7122,10,10,0,8,2,0,4
1195,72.231,9.6343,10,10,0,2,8,0,2
1196,135.9,11.938,8,8,0,2,6,0,2
1197,182.66,11.938,8,8,0,2,6,0,1
1198,183.18,12.483,8,8,0,0,8,0,2
1199,108.63,11.938,8,8,0,2,6,0,2
1200,139.03,9.9867,10,10,0,0,10,0,2
1201,57.95,12.483,8,8,0,0,8,0,2
1202,135.47,9.306,10,10,0,4,6,0,3
1203,128.1,8.7122,10,10,0,8,2,0,4
1204,187.54,5.1663e-07,10,8,1,2,7,0,4
1205,110.52,12.483,8,8,0,0,8,0,2
1206,122.63,5.1663e-07,10,8,1,2,7,0,3
1207,134.37,11.938,8,8,0,2,6,0,2
1208,151.29,5.1663e-07,10,8,1,4,5,0,4
1209,117.41,11.938,8,8,0,2,6,0,1
1210,126.14,11.938,8,8,0,2,6,0,2
1211,219.61,12.483,8,8,0,0,8,0,2
1212,128.77,8.9993,10,10,0,6,4,0,3
1213,140.84,11.938,8,8,0,2,6,0,2
1214,80.984,12.483,8,8,0,0,8,0,2
1215,157.82,11.938,8,8,0,2,6,0,2
1216,51.953,12.483,8,8,0,0,8,0,2
1217,119.96,5.1663e-07,10,8,1,2,7,0,3
1218,161.95,12.483,8,8,0,0,8,0,2
1219,135.9,12.483,8,8,0,0,8,0,2
1220,240.32,5.1663e-07,10,8,1,2,7,0,3
1221,71.791,12.483,8,8,0,0,8,0,2
1222,93.505,11.938,8,8,0,2,6,0,2
1223,215.74,5.1663e-07,10,8,1,4,5,0,4
1224,109.24,9.306,10,10,0,4,6,0,3
1225,84.139,11.938,8,8,0,2,6,0,2
1226,58.316,11.938,8,8,0,2,6,0,1
1227,107.13,5.1663e-07,10,8,1,4,5,0,5
1228,169.57,5.1663e-07,10,8,1,4,5,0,4
1229,67.349,11.938,8,8,0,2,6,0,2
1230,91.632,12.483,8,8,0,0,8,0,2
1231,112.08,11.938,8,8,0,2,6,0,2
1232,116.95,12.483,8,8,0,0,8,0,2
1233,128.62,11.938,8,8,0,2,6,0,2
1234,162.18,9.6343,10,10,0,2,8,0,2
1235,108.73,9.306,10,10,0,4,6,0,3
1236,374.26,5.1663e-07,10,8,1,2,7,0,3
1237,152.5,8.7122,10,10,0,8,2,0,4
1238,70.922,11.938,8,8,0,2,6,0,1
1239,68.27,9.306,10,10,0,4,6,0,3
1240,93.471,12.483,8,8,0,0,8,0,2
1241,129.42,8.7122,10,10,0,8,2,0,4
1242,100.04,11.938,8,8,0,2,6,0,1
1243,131.42,8.9993,10,10,0,6,4,0,4
1244,63.971,12.483,8,8,0,0,8,0,2
1245,119.79,5.1663e-07,10,8,1,2,7,0,3
1246,64.268,8.9993,10,10,0,6,4,0,3
1247,172.43,9.306,10,10,0,4,6,0,3
1248,88.88,8.9993,10,10,0,6,4,0,2
1249,157.55,5.1663e-07,10,8,1,2,7,0,3
1250,50.544,11.938,8,8,0,2,6,0,1
1251,145.62,8.7122,10,10,0,8,2,0,4
1252,93.217,11.938,8,8,0,2,6,0,1
1253,65.488,9.1501,10,10,0,4,5,1,3
1254,88.415,11.938,8,8,0,2,6,0,2
1255,132.07,11.938,8,8,0,2,6,0,2
1256,109.85,11.938,8,8,0,2,6,0,2
1257,68.756,5.1663e-07,10,8,1,2,7,0,3
1258,63.59,5.1663e-07,10,8,1,2,7,0,3
1259,112.46,9.4673,10,10,0,2,7,1,3
1260,172.16,5.1663e-07,10,8,1,2,7,0,3
1261,148.34,12.483,8,8,0,0,8,0,2
1262,91.307,12.483,8,8,0,0,8,0,2
1263,69.749,11.938,8,8,0,2,6,0,1
1264,138.3,5.1663e-07,10,8,1,2,7,0,4
1265,205.8,9.306,10,10,0,4,6,0,3
1266,121.5,12.483,8,8,0,0,8,0,2
1267,101.41,5.1663e-07,10,8,1,2,7,0,3
1268,82.153,11.938,8,8,0,2,6,0,2
1269,184.45,9.306,10,10,0,4,6,0,4
1270,91.467,11.938,8,8,0,2,6,0,2
1271,246.66,11.938,8,8,0,2,6,0,1
1272,42.354,11.938,8,8,0,2,6,0,2
1273,73.736,11.938,8,8,0,2,6,0,1
1274,193.67,11.938,8,8,0,2,6,0,2
1275,83.43,12.483,8,8,0,0,8,0,2
1276,233.45,11.938,8,8,0,2,6,0,2
1277,32.354,11.938,8,8,0,2,6,0,1
1278,127.65,12.483,8,8,0,0,8,0,2
1279,164.06,5.1663e-07,10,8,1,4,5,0,4
1280,91.683,11.938,8,8,0,2,6,0,1
1281,72.641,11.938,8,8,0,2,6,0,2
1282,89.379,11.938,8,8,0,2,6,0,2
1283,136.56,5.1663e-07,10,8,1,2,7,0,3
1284,111.27,5.1663e-07,10,8,1,4,5,0,4
1285,115.6,11.938,8,8,0,2,6,0,2
1286,107.14,12.483,8,8,0,0,8,0,2
1287,107.58,5.1663e-07,10,8,1,2,7,0,3
1288,157.54,12.483,8,8,0,0,8,0,2
1289,48.441,12.483,8,8,0,0,8,0,2
1290,82.423,12.483,8,8,0,0,8,0,2
1291,80.554,8.9993,10,10,0,6,4,0,4
1292,137.53,5.1663e-07,10,8,1,0,9,0,2
1293,89.6,11.938,8,8,0,2,6,0,1
1294,140.24,11.938,8,8,0,2,6,0,1
1295,141.47,8.9993,10,10,0,6,4,0,3
1296,158.14,5.1663e-07,10,8,1,4,5,0,5
1297,143.97,11.938,8,8,0,2,6,0,1
1298,241.03,11.938,8,8,0,2,6,0,1
1299,182.12,8.7122,10,10,0,8,2,0,4
1300,183.38,11.938,8,8,0,2,6,0,1
1301,102.28,8.9993,10,10,0,6,4,0,3
1302,155.82,11.938,8,8,0,2,6,0,1
1303,201.94,12.483,8,8,0,0,8,0,2
1304,213.09,8.7122,10,10,0,8,2,0,4
1305,128.23,8.7122,10,10,0,8,2,0,4
1306,125.2,11.938,8,8,0,2,6,0,2
1307,95.324,8.9993,10,10,0,6,4,0,4
1308,192.64,12.483,8,8,0,0,8,0,2
1309,84.332,9.306,10,10,0,4,6,0,3
1310,87.875,8.9993,10,10,0,6,4,0,3
1311,88.383,12.483,8,8,0,0,8,0,2
1312,78.196,5.1663e-07,10,8,1,4,5,0,4
1313,130.14,11.938,8,8,0,2,6,0,1
1314,192.4,5.1663e-07,10,8,1,2,7,0,4
1315,153.65,5.1663e-07,10,8,1,2,7,0,3
1316,192.87,12.483,8,8,0,0,8,0,2
1317,122.22,11.938,8,8,0,2,6,0,2
1318,94.545,5.1663e-07,10,8,1,2,7,0,4
1319,56.762,5.1663e-07,10,8,1,2,7,0,3
1320,61.522,11.938,8,8,0,2,6,0,2
1321,151.01,11.938,8,8,0,2,6,0,1
1322,118.89,5.1663e-07,10,8,1,2,7,0,3
1323,141.33,11.938,8,8,0,2,6,0,1
1324,124.29,11.938,8,8,0,2,6,0,1
1325,55.648,12.483,8,8,0,0,8,0,2
1326,128.62,12.483,8,8,0,0,8,0,2
1327,137.89,8.7122,10,10,0,8,2,0,4
1328,91.9,8.9993,10,10,0,6,4,0,4
1329,238.88,9.4673,10,10,0,2,7,1,3
1330,108.16,11.938,8,8,0,2,6,0,1
1331,42.28,11.938,8,8,0,2,6,0,1
1332,168.83,11.938,8,8,0,2,6,0,2
1333,90.062,11.938,8,8,0,2,6,0,2
1334,24.803,11.938,8,8,0,2,6,0,1
1335,103.24,9.306,10,10,0,4,6,0,3
1336,193.51,11.938,8,8,0,2,6,0,2
1337,78.643,8.9993,10,10,0,6,4,0,3
1338,180.8,11.938,8,8,0,2,6,0,1
1339,118.95,12.483,8,8,0,0,8,0,2
1340,85.348,11.938,8,8,0,2,6,0,1
1341,148.86,9.306,10,10,0,4,6,0,3
1342,220.33,8.9993,10,10,0,6,4,0,3
1343,139.6,12.483,8,8,0,0,8,0,2
1344,102.69,11.938,8,8,0,2,6,0,1
1345,107.52,11.938,8,8,0,2,6,0,1
1346,145.18,11.938,8,8,0,2,6,0,2
1347,54.652,11.938,8,8,0,2,6,0,2
1348,102.92,11.938,8,8,0,2,6,0,1
1349,249.22,9.306,10,10,0,4,6,0,3
1350,72.668,5.1663e-07,10,8,1,4,5,0,4
1351,182.2,5.1663e-07,10,8,1,4,5,0,4
1352,57.964,12.483,8,8,0,0,8,0,2
1353,99.122,5.1663e-07,10,8,1,2,7,0,3
1354,120.96,12.483,8,8,0,0,8,0,2
1355,152.27,12.483,8,8,0,0,8,0,2
1356,87.933,12.483,8,8,0,0,8,0,2
1357,113.44,5.1663e-07,10,8,1,2,7,0,3
1358,328.71,5.1663e-07,10,8,1,4,5,0,4
1359,75.997,9.6343,10,10,0,2,8,0,3
1360,108.69,5.1663e-07,10,8,1,2,7,0,4
1361,133.95,5.1663e-07,10,8,1,4,5,0,4
1362,87.398,12.483,8,8,0,0,8,0,2
1363,149.63,9.306,10,10,0,4,6,0,3
1364,102.91,11.938,8,8,0,2,6,0,2
1365,242.33,12.483,8,8,0,0,8,0,2
1366,126.88,12.483,8,8,0,0,8,0,2
1367,102.63,11.938,8,8,0,2,6,0,2
1368,68.416,11.938,8,8,0,2,6,0,2
1369,68.318,8.9993,10,10,0,6,4,0,3
1370,109.71,12.483,8,8,0,0,8,0,2
1371,121.54,11.938,8,8,0,2,6,0,1
1372,69.389,8.9993,10,10,0,6,4,0,4
1373,77.7,12.483,8,8,0,0,8,0,2
1374,97.717,11.938,8,8,0,2,6,0,1
1375,99.349,12.483,8,8,0,0,8,0,2
1376,72.438,11.938,8,8,0,2,6,0,2
1377,38.38,5.1663e-07,10,8,1,2,7,0,3
1378,57.742,11.938,8,8,0,2,6,0,1
1379,105.2,11.938,8,8,0,2,6,0,2
1380,220.94,8.9993,10,10,0,6,4,0,3
1381,128,11.938,8,8,0,2,6,0,2
1382,180.98,12.483,8,8,0,0,8,0,2
1383,108.37,11.938,8,8,0,2,6,0,1
1384,177.41,11.938,8,8,0,2,6,0,2
1385,207.68,9.306,10,10,0,4,6,0,3
1386,104.83,11.938,8,8,0,2,6,0,2
1387,123.86,5.1663e-07,10,8,1,4,5,0,4
1388,123.91,9.6343,10,10,0,2,8,0,3
1389,112.65,12.483,8,8,0,0,8,0,2
1390,80.484,5.1663e-07,10,8,1,4,5,0,5
1391,134.53,11.938,8,8,0,2,6,0,1
1392,121.12,12.483,8,8,0,0,8,0,2
1393,103.8,12.483,8,8,0,0,8,0,2
1394,72.071,11.938,8,8,0,2,6,0,1
1395,160.76,2.5832e-07,10,6,2,0,8,0,3
1396,118.61,9.1501,10,10,0,4,5,1,3
1397,107.37,11.938,8,8,0,2,6,0,2
1398,154.28,5.1663e-07,10,8,1,2,7,0,3
1399,84.901,12.483,8,8,0,0,8,0,2
1400,117.4,9.306,10,10,0,4,6,0,3
1401,79.218,5.1663e-07,10,8,1,4,5,0,5
1402,60.301,9.4673,10,10,0,2,7,1,3
1403,292.79,5.1663e-07,10,8,1,4,5,0,4
1404,86.13,12.483,8,8,0,0,8,0,2
1405,161.44,8.7122,10,10,0,8,2,0,4
1406,179.06,5.1663e-07,10,8,1,4,5,0,4
1407,211.09,11.938,8,8,0,2,6,0,1
1408,146.08,8.9993,10,10,0,6,4,0,3
1409,141.86,12.483,8,8,0,0,8,0,2
1410,134.33,11.938,8,8,0,2,6,0,1
1411,168.45,8.9993,10,10,0,6,4,0,4
1412,99.984,12.483,8,8,0,0,8,0,2
1413,130.66,11.938,8,8,0,2,6,0,1
1414,75.224,11.938,8,8,0,2,6,0,1
1415,46.606,11.938,8,8,0,2,6,0,2
1416,120.2,12.483,8,8,0,0,8,0,2
1417,170.29,11.938,8,8,0,2,6,0,1
1418,139.05,5.1663e-07,10,8,1,2,7,0,3
1419,60.67,9.306,10,10,0,4,6,0,3
1420,45.214,9.306,10,10,0,4,6,0,3
1421,112.4,8.9993,10,10,0,6,4,0,3
1422,76.123,9.4673,10,10,0,2,7,1,3
1423,134.09,11.938,8,8,0,2,6,0,2
1424,83.257,12.483,8,8,0,0,8,0,2
1425,120.32,11.938,8,8,0,2,6,0,2
1426,70.601,12.483,8,8,0,0,8,0,2
1427,153.61,11.938,8,8,0,2,6,0,1
1428,129.54,11.938,8,8,0,2,6,0,2
1429,132.05,11.938,8,8,0,2,6,0,2
1430,110.16,9.306,10,10,0,4,6,0,3
1431,119.69,12.483,8,8,0,0,8,0,2
1432,206.98,8.9993,10,10,0,6,4,0,3
1433,155.46,5.1663e-07,10,8,1,4,5,0,4
1434,116.58,11.938,8,8,0,2,6,0,1
1435,172.34,9.306,10,10,0,4,6,0,3
1436,102.58,12.483,8,8,0,0,8,0,2
1437,122.39,11.938,8,8,0,2,6,0,1
1438,270.76,12.483,8,8,0,0,8,0,2
1439,126.26,12.483,8,8,0,0,8,0,2
1440,117.63,11.938,8,8,0,2,6,0,2
1441,87.045,12.483,8,8,0,0,8,0,2
1442,133.81,8.9993,10,10,0,6,4,0,2
1443,76.046,5.1663e-07,10,8,1,2,7,0,4
1444,56.387,5.1663e-07,10,8,1,2,7,0,3
1445,97.288,11.938,8,8,0,2,6,0,1
1446,70.63,9.306,10,10,0,4,6,0,3
1447,80.411,11.938,8,8,0,2,6,0,2
1448,195.13,9.4673,10,10,0,2,7,1,3
1449,269.19,12.483,8,8,0,0,8,0,2
1450,131.6,5.1663e-07,10,8,1,2,7,0,3
1451,140.53,8.9993,10,10,0,6,4,0,4
1452,131.36,11.938,8,8,0,2,6,0,1
1453,216.19,12.483,8,8,0,0,8,0,2
1454,116.36,5.1663e-07,10,8,1,4,5,0,4
1455,137.75,11.938,8,8,0,2,6,0,1
1456,132.36,5.1663e-07,10,8,1,4,5,0,4
1457,116.54,11.938,8,8,0,2,6,0,2
1458,103.45,5.1663e-07,10,8,1,4,5,0,4
1459,219.41,11.938,8,8,0,2,6,0,1
1460,53.941,11.938,8,8,0,2,6,0,2
1461,118.56,8.9993,10,10,0,6,4,0,4
1462,225.22,11.938,8,8,0,2,6,0,1
1463,200.29,11.938,8,8,0,2,6,0,2
1464,68.086,12.483,8,8,0,0,8,0,2
1465,70.039,5.1663e-07,10,8,1,2,7,0,4
1466,66.254,5.1663e-07,10,8,1,2,7,0,3
1467,125.82,11.938,8,8,0,2,6,0,2
1468,155.3,11.938,8,8,0,2,6,0,1
1469,138.05,5.1663e-07,10,8,1,0,9,0,3
1470,125.96,11.938,8,8,0,2,6,0,1
1471,128.04,12.483,8,8,0,0,8,0,2
1472,141.22,5.1663e-07,10,8,1,4,5,0,4
1473,207.82,11.938,8,8,0,2,6,0,1
1474,116.08,11.938,8,8,0,2,6,0,2
1475,208.56,11.938,8,8,0,2,6,0,2
1476,149.17,12.483,8,8,0,0,8,0,2
1477,92.103,11.938,8,8,0,2,6,0,1
1478,161.18,11.938,8,8,0,2,6,0,2
1479,95.258,5.1663e-07,10,8,1,2,7,0,3
1480,94.341,11.938,8,8,0,2,6,0,1
1481,58.422,11.938,8,8,0,2,6,0,1
1482,136.11,11.938,8,8,0,2,6,0,2
1483,137.7,11.938,8,8,0,2,6,0,2
1484,95.921,12.483,8,8,0,0,8,0,2
1485,104.53,11.938,8,8,0,2,6,0,2
1486,167.36,9.6343,10,10,0,2,8,0,3
1487,131.57,5.1663e-07,10,8,1,2,7,0,3
1488,68.868,11.938,8,8,0,2,6,0,2
1489,92.509,11.938,8,8,0,2,6,0,1
1490,125.5,12.483,8,8,0,0,8,0,2
1491,79.657,11.938,8,8,0,2,6,0,1
1492,161.53,11.938,8,8,0,2,6,0,2
1493,143.1,2.5832e-07,10,6,2,0,8,0,3
1494,101.82,8.7122,10,10,0,8,2,0,4
1495,326.11,12.483,8,8,0,0,8,0,2
1496,108.31,9.4673,10,10,0,2,7,1,2
1497,98.746,5.1663e-07,10,8,1,2,7,0,3
1498,219.47,5.1663e-07,10,8,1,2,7,0,4
1499,125.06,9.306,10,10,0,4,6,0,3
1500,119.84,9.6343,10,10,0,2,8,0,2
1501,72.598,8.9993,10,10,0,6,4,0,3
1502,194.33,11.938,8,8,0,2,6,0,1
1503,163.48,9.6343,10,10,0,2,8,0,3
1504,215.96,12.483,8,8,0,0,8,0,2
1505,136.58,11.938,8,8,0,2,6,0,1
1506,117.59,11.938,8,8,0,2,6,0,1
1507,164.41,12.483,8,8,0,0,8,0,2
1508,71.239,12.483,8,8,0,0,8,0,2
1509,191.55,11.938,8,8,0,2,6,0,1
1510,78.986,12.483,8,8,0,0,8,0,2
1511,95.238,12.483,8,8,0,0,8,0,2
1512,179.19,11.938,8,8,0,2,6,0,2
1513,45.591,12.483,8,8,0,0,8,0,2
1514,194.34,11.938,8,8,0,2,6,0,1
1515,100.33,8.7122,10,10,0,8,2,0,4
1516,100.41,11.938,8,8,0,2,6,0,1
1517,122.33,12.483,8,8,0,0,8,0,2
1518,55.448,5.1663e-07,10,8,1,4,5,0,4
1519,200.64,11.938,8,8,0,2,6,0,1
1520,173.02,11.938,8,8,0,2,6,0,1
1521,133.85,9.306,10,10,0,4,6,0,3
1522,170.53,11.938,8,8,0,2,6,0,1
1523,169.12,9.306,10,10,0,4,6,0,4
1524,113.62,11.938,8,8,0,2,6,0,2
1525,96.916,11.938,8,8,0,2,6,0,1
1526,92.771,11.938,8,8,0,2,6,0,1
1527,128.36,12.483,8,8,0,0,8,0,2
1528,142.66,11.938,8,8,0,2,6,0,2
1529,92.385,12.483,8,8,0,0,8,0,2
1530,214.75,9.306,10,10,0,4,6,0,3
1531,98.534,11.938,8,8,0,2,6,0,1
1532,88.977,5.1663e-07,10,8,1,2,7,0,3
1533,60.027,12.483,8,8,0,0,8,0,2
1534,78.706,9.306,10,10,0,4,6,0,4
1535,86.317,8.7122,10,10,0,8,2,0,4
1536,127.02,11.938,8,8,0,2,6,0,1
1537,227.05,8.9993,10,10,0,6,4,0,4
1538,94.67,12.483,8,8,0,0,8,0,2
1539,48.899,11.938,8,8,0,2,6,0,1
1540,82.808,12.483,8,8,0,0,8,0,2
1541,32.255,11.938,8,8,0,2,6,0,1
1542,122.55,11.938,8,8,0,2,6,0,1
1543,127.77,5.1663e-07,10,8,1,4,5,0,4
1544,242.14,8.9993,10,10,0,6,4,0,4
1545,101.78,11.938,8,8,0,2,6,0,1
1546,135.19,5.1663e-07,10,8,1,4,5,0,4
1547,82.204,11.938,8,8,0,2,6,0,1
1548,88.069,11.938,8,8,0,2,6,0,2
1549,118.85,11.938,8,8,0,2,6,0,2
1550,162.51,11.938,8,8,0,2,6,0,1
1551,115.51,11.938,8,8,0,2,6,0,1
1552,101.78,11.938,8,8,0,2,6,0,1
1553,157.45,11.938,8,8,0,2,6,0,1
1554,49.808,11.938,8,8,0,2,6,0,1
1555,129.5,5.1663e-07,10,8,1,2,7,0,3
1556,138.83,5.1663e-07,10,8,1,2,7,0,3
1557,110.77,8.9993,10,10,0,6,4,0,4
1558,167.88,12.483,8,8,0,0,8,0,2
1559,39.226,11.938,8,8,0,2,6,0,2
1560,80.011,5.1663e-07,10,8,1,2,7,0,4
1561,105.82,11.938,8,8,0,2,6,0,2
1562,105.13,9.1501,10,10,0,4,5,1,3
1563,166.86,11.938,8,8,0,2,6,0,2
1564,212.33,9.4673,10,10,0,2,7,1,3
1565,143.31,5.1663e-07,10,8,1,2,7,0,3
1566,77.752,9.306,10,10,0,4,6,0,3
1567,203.24,5.1663e-07,10,8,1,4,5,0,5
1568,42.729,11.938,8,8,0,2,6,0,1
1569,81.139,11.938,8,8,0,2,6,0,1
1570,104.45,12.483,8,8,0,0,8,0,2
1571,129.05,12.483,8,8,0,0,8,0,2
1572,110.83,11.938,8,8,0,2,6,0,1
1573,109.65,11.938,8,8,0,2,6,0,1
1574,78.185,11.938,8,8,0,2,6,0,1
1575,136.34,5.1663e-07,10,8,1,4,5,0,3
1576,92.455,11.938,8,8,0,2,6,0,2
1577,151.86,11.938,8,8,0,2,6,0,2
1578,83.383,11.938,8,8,0,2,6,0,2
1579,117.37,12.483,8,8,0,0,8,0,2
1580,134.81,11.938,8,8,0,2,6,0,1
1581,60.361,11.938,8,8,0,2,6,0,1
1582,211.08,11.938,8,8,0,2,6,0,1
1583,116.71,11.938,8,8,0,2,6,0,2
1584,68.344,5.1663e-07,10,8,1,2,7,0,3
1585,79.977,8.7122,10,10,0,8,2,0,4
1586,117.44,11.938,8,8,0,2,6,0,1
1587,161.39,11.938,8,8,0,2,6,0,1
1588,208.56,12.483,8,8,0,0,8,0,2
1589,139.23,11.938,8,8,0,2,6,0,2
1590,79.287,8.9993,10,10,0,6,4,0,3
1591,120.89,9.6343,10,10,0,2,8,0,3
1592,107.95,5.1663e-07,10,8,1,2,7,0,3
1593,135.56,5.1663e-07,10,8,1,1,7,1,2
1594,135.44,11.938,8,8,0,2,6,0,1
1595,113.13,11.938,8,8,0,2,6,0,1
1596,108.35,5.1663e-07,10,8,1,4,5,0,5
1597,93.573,11.938,8,8,0,2,6,0,2
1598,112.96,11.938,8,8,0,2,6,0,1
1599,121.88,5.1663e-07,10,8,1,0,9,0,2
1600,79.224,8.7122,10,10,0,8,2,0,4
1601,241.53,9.1501,10,10,0,4,5,1,3
1602,36.744,11.938,8,8,0,2,6,0,2
1603,122.5,11.938,8,8,0,2,6,0,2
1604,134.03,11.938,8,8,0,2,6,0,1
1605,73.124,11.938,8,8,0,2,6,0,1
1606,147.97,5.1663e-07,10,8,1,2,7,0,3
1607,155.93,12.483,8,8,0,0,8,0,2
1608,72.056,12.483,8,8,0,0,8,0,2
1609,135.07,12.483,8,8,0,0,8,0,2
1610,147.56,12.483,8,8,0,0,8,0,2
1611,98.407,5.1663e-07,10,8,1,4,5,0,4
1612,165.14,9.4673,10,10,0,2,7,1,2
1613,33.732,11.938,8,8,0,2,6,0,1
1614,119.52,9.306,10,10,0,4,6,0,3
1615,82.388,12.483,8,8,0,0,8,0,2
1616,93.023,11.938,8,8,0,2,6,0,2
1617,52.057,11.938,8,8,0,2,6,0,2
1618,148.31,9.6343,10,10,0,2,8,0,3
1619,94.189,9.6343,10,10,0,2,8,0,3
1620,212.03,12.483,8,8,0,0,8,0,2
1621,71.132,11.938,8,8,0,2,6,0,1
1622,224.76,11.938,8,8,0,2,6,0,1
1623,77.683,11.938,8,8,0,2,6,0,1
1624,86.89,11.938,8,8,0,2,6,0,1
1625,66.798,12.483,8,8,0,0,8,0,2
1626,61.729,11.938,8,8,0,2,6,0,2
1627,221.3,11.938,8,8,0,2,6,0,2
1628,97.745,12.483,8,8,0,0,8,0,2
1629,78.125,11.938,8,8,0,2,6,0,2
1630,51.987,11.938,8,8,0,2,6,0,2
1631,120.48,9.4673,10,10,0,2,7,1,3
1632,141.93,5.1663e-07,10,8,1,4,5,0,4
1633,271.17,9.6343,10,10,0,2,8,0,3
1634,88.914,5.1663e-07,10,8,1,4,5,0,4
1635,159.24,11.938,8,8,0,2,6,0,1
1636,122.47,8.9993,10,10,0,6,4,0,4
1637,134.21,11.938,8,8,0,2,6,0,1
1638,84.832,9.306,10,10,0,4,6,0,3
1639,197.17,8.7122,10,10,0,8,2,0,4
1640,104.07,11.938,8,8,0,2,6,0,2
1641,134.69,5.1663e-07,10,8,1,2,7,0,4
1642,80.691,11.938,8,8,0,2,6,0,2
1643,234.04,12.483,8,8,0,0,8,0,2
1644,75.586,11.938,8,8,0,2,6,0,2
1645,125.02,5.1663e-07,10,8,1,4,5,0,4
1646,226.22,5.1663e-07,10,8,1,4,5,0,4
1647,80.309,8.9993,10,10,0,6,4,0,3
1648,150.87,11.938,8,8,0,2,6,0,1
1649,70.708,9.306,10,10,0,4,6,0,2
1650,125.78,11.938,8,8,0,2,6,0,2
1651,88.034,5.1663e-07,10,8,1,2,7,0,3
1652,69.955,12.483,8,8,0,0,8,0,2
1653,159.49,9.306,10,10,0,4,6,0,3
1654,94.112,12.483,8,8,0,0,8,0,2
1655,104.71,12.483,8,8,0,0,8,0,2
1656,90.028,8.9993,10,10,0,6,4,0,3
1657,47.137,9.4673,10,10,0,2,7,1,2
1658,214.38,9.306,10,10,0,4,6,0,3
1659,111.14,11.938,8,8,0,2,6,0,1
1660,89.902,11.938,8,8,0,2,6,0,1
1661,91.71,12.483,8,8,0,0,8,0,2
1662,148.72,5.1663e-07,10,8,1,4,5,0,4
1663,138.95,5.1663e-07,10,8,1,2,7,0,3
1664,75.679,11.938,8,8,0,2,6,0,2
1665,126.21,9.306,10,10,0,4,6,0,3
1666,56.789,12.483,8,8,0,0,8,0,2
1667,80.431,5.1663e-07,10,8,1,4,5,0,4
1668,144.64,11.938,8,8,0,2,6,0,1
1669,150.66,11.938,8,8,0,2,6,0,1
1670,149.27,11.938,8,8,0,2,6,0,1
1671,163.55,9.306,10,10,0,4,6,0,3
1672,219.8,8.9993,10,10,0,6,4,0,3
1673,131.48,12.483,8,8,0,0,8,0,2
1674,116.19,11.938,8,8,0,2,6,0,1
1675,107.68,5.1663e-07,10,8,1,2,7,0,4
1676,96.297,12.483,8,8,0,0,8,0,2
1677,109.78,11.938,8,8,0,2,6,0,2
1678,88.282,11.938,8,8,0,2,6,0,1
1679,110.98,11.938,8,8,0,2,6,0,1
1680,117.22,11.938,8,8,0,2,6,0,2
1681,224.83,11.938,8,8,0,2,6,0,1
1682,91.924,11.938,8,8,0,2,6,0,1
1683,89.332,11.938,8,8,0,2,6,0,1
1684,71.034,8.9993,10,10,0,6,4,0,3
1685,117.21,9.6343,10,10,0,2,8,0,3
1686,197.32,12.483,8,8,0,0,8,0,2
1687,158.14,11.938,8,8,0,2,6,0,1
1688,217.06,11.938,8,8,0,2,6,0,1
1689,82.363,11.938,8,8,0,2,6,0,2
1690,119.88,11.938,8,8,0,2,6,0,1
1691,104.74,11.938,8,8,0,2,6,0,1
1692,222.58,5.1663e-07,10,8,1,2,7,0,3
1693,184.36,5.1663e-07,10,8,1,2,7,0,3
1694,118.11,5.1663e-07,10,8,1,4,5,0,4
1695,291.21,9.306,10,10,0,4,6,0,4
1696,291.71,11.938,8,8,0,2,6,0,2
1697,162.25,11.938,8,8,0,2,6,0,2
1698,243.34,11.938,8,8,0,2,6,0,2
1699,152.03,8.9993,10,10,0,6,4,0,3
1700,71.124,8.7122,10,10,0,8,2,0,4
1701,208.54,11.938,8,8,0,2,6,0,1
1702,75.092,11.938,8,8,0,2,6,0,1
1703,192.43,11.938,8,8,0,2,6,0,1
1704,101.09,9.1501,10,10,0,4,5,1,3
1705,153.87,12.483,8,8,0,0,8,0,2
1706,89.213,12.483,8,8,0,0,8,0,2
1707,65.911,11.938,8,8,0,2,6,0,1
1708,58.193,11.938,8,8,0,2,6,0,1
1709,101.63,12.483,8,8,0,0,8,0,2
1710,93.575,11.938,8,8,0,2,6,0,1
1711,210.32,11.938,8,8,0,2,6,0,1
1712,30.137,11.938,8,8,0,2,6,0,1
1713,152.18,5.1663e-07,10,8,1,4,5,0,4
1714,83.537,5.1663e-07,10,8,1,2,7,0,4
1715,223.9,5.1663e-07,10,8,1,4,5,0,3
1716,235.95,9.306,10,10,0,4,6,0,3
1717,300.39,5.1663e-07,10,8,1,2,7,0,4
1718,164.38,11.938,8,8,0,2,6,0,1
1719,91.985,11.938,8,8,0,2,6,0,2
1720,138.04,11.938,8,8,0,2,6,0,2
1721,169.94,9.306,10,10,0,4,6,0,2
1722,150.46,5.1663e-07,10,8,1,2,7,0,3
1723,197.01,5.1663e-07,10,8,1,4,5,0,4
1724,77.74,5.1663e-07,10,8,1,2,7,0,3
1725,72.471,9.4673,10,10,0,2,7,1,2
1726,131.92,11.938,8,8,0,2,6,0,1
1727,180.77,9.6343,10,10,0,2,8,0,2
1728,127.8,8.7122,10,10,0,8,2,0,4
1729,51.635,12.483,8,8,0,0,8,0,2
1730,101.04,11.938,8,8,0,2,6,0,1
1,71.037,11.938,8,8,0,2,6,0,1
2,225.55,8.9993,10,10,0,6,4,0,3
3,131.83,11.938,8,8,0,2,6,0,2
4,169.83,11.938,8,8,0,2,6,0,2
